 27.00   0.00
 22.27   0.01
 27.62   0.01
 29.91   0.01
 22.14   0.01
 31.20   0.01
 18.46   0.01
 26.52   0.01
 31.92   0.01
 12.89   0.01
 20.01   0.01
 29.34   0.00
 27.62   0.01
 28.28   0.00
 17.95   0.00
  7.30   0.02
 22.13   0.01
  5.31   0.02
 30.54   0.00
 11.08   0.02
 30.60   0.01
 17.67   0.00
 30.94   0.01
 12.41   0.01
  8.15   0.02
 28.28   0.01
 31.03   0.00
 19.29   0.00
 25.97   0.00
 13.12   0.01
 22.25   0.01
 12.49   0.01
  3.12   0.02
 15.58   0.01
 26.02   0.01
 30.14   0.01
 28.54   0.01
 26.04   0.01
 20.02   0.00
  5.30   0.02
 20.11   0.01
 20.83   0.01
 26.77   0.01
 30.71   0.01
  6.51   0.03
 22.98   0.01
 26.00   0.00
 24.80   0.01
  7.09   0.02
 22.85   0.01
 25.65   0.01
  2.96   0.03
 32.15   0.12
 28.91   0.01
 18.36   0.00
  4.99   0.00
 17.11   0.01
 12.46   0.00
 29.91   0.01
 14.55   0.00
 28.86   0.01
 28.74   0.01
 27.48   0.01
 30.09   0.01
 26.64   0.01
 26.48   0.01
 28.97   0.00
 22.75   0.01
 28.67   0.01
 29.01   0.00
 31.79   0.00
 26.02   0.01
 23.81   0.01
 21.77   0.01
 21.79   0.01
  9.60   0.02
 29.05   0.01
 18.09   0.01
 28.39   0.00
 31.47   0.02
 23.51   0.02
 29.49   0.01
 30.73   0.00
 17.45   0.01
 23.67   0.01
 28.08   0.01
 30.57   0.01
 21.58   0.01
 22.73   0.00
 31.75   0.00
 20.82   0.00
 21.90   0.01
 17.80   0.01
 28.33   0.00
 19.80   0.01
 17.39   0.01
 14.94   0.01
 29.22   0.00
 19.63   0.01
 10.74   0.02
 28.47   0.00
 22.45   0.01
 10.84   0.01
 12.07   0.02
 30.76   0.01
 26.73   0.00
 15.75   0.01
 28.73   0.01
 23.38   0.01
 29.94   0.00
 32.09   0.00
 20.72   0.01
 28.54   0.00
  4.75   0.02
 21.70   0.00
 31.26   0.01
 31.10   0.01
 28.15   0.01
 11.77   0.01
 21.84   0.01
 13.36   0.01
 28.46   0.01
 18.95   0.01
 16.92   0.01
 29.09   0.01
 30.23   0.01
 26.75   0.00
 28.47   0.00
 31.38   0.00
 31.07   0.01
 30.38   0.00
 20.50   0.01
  9.74   0.01
 29.99   0.00
 32.46   0.01
 32.75   0.01
 27.21   0.01
  7.84   0.01
 29.52   0.00
 27.64   0.01
 16.88   0.00
 29.30   0.00
 26.39   0.01
 18.78   0.01
 31.94   0.01
 17.79   0.01
 29.30   0.01
 25.21   0.01
 33.01   0.24
 15.19   0.01
 19.69   0.01
 31.54   0.00
 26.99   0.01
 21.68   0.00
 15.99   0.00
 30.61   0.01
 16.39   0.01
 31.34   0.01
 13.67   0.01
 21.76   0.01
 21.29   0.00
 10.61   0.01
 24.19   0.01
 30.25   0.01
 28.24   0.01
 32.06   0.01
 13.45   0.01
 21.63   0.01
 20.04   0.01
 31.74   0.00
 14.07   0.01
 17.15   0.00
 31.84   0.01
 13.97   0.01
 11.38   0.01
 10.27   0.01
 15.73   0.01
 15.64   0.01
 22.86   0.00
 21.06   0.01
 26.66   0.00
  9.39   0.01
 10.98   0.01
 16.24   0.01
 17.06   0.01
 27.21   0.00
 17.01   0.01
  7.92   0.02
 15.86   0.01
 20.67   0.01
 25.61   0.00
 20.03   0.01
 17.90   0.01
 13.99   0.01
 16.77   0.00
 30.90   0.00
 28.61   0.01
 29.63   0.01
 27.81   0.01
 24.39   0.01
 19.08   0.02
  3.06   0.04
 24.79   0.01
  9.02   0.01
 21.95   0.01
 22.01   0.01
 31.60   0.00
 19.62   0.04
 32.47   0.00
 31.98   0.00
 21.45   0.01
 14.41   0.01
 15.08   0.01
 32.63   0.01
  6.27   0.01
  5.98   0.00
 19.39   0.01
 11.10   0.00
 18.78   0.01
  6.13   0.01
 10.32   0.01
 14.25   0.01
 14.98   0.01
 16.85   0.01
 18.73   0.01
 18.55   0.01
  7.07   0.03
  2.50   0.03
 27.12   0.00
 14.16   0.01
 11.62   0.01
 17.30   0.01
 16.97   0.01
 22.37   0.01
 14.41   0.01
 16.55   0.01
 14.29   0.02
 30.08   0.01
 17.79   0.01
 11.15   0.01
  8.61   0.01
 19.13   0.00
 19.11   0.00
 24.02   0.01
 14.39   0.02
  9.48   0.02
 26.00   0.01
 14.21   0.01
 17.65   0.01
 16.62   0.01
  8.23   0.01
  9.83   0.01
  4.54   0.02
  8.66   0.02
 16.06   0.01
  8.75   0.01
 19.41   0.02
 18.11   0.00
  7.59   0.01
 16.32   0.01
 12.47   0.01
  6.11   0.01
  3.28   0.02
  7.18   0.01
  8.05   0.01
  8.20   0.01
 11.57   0.01
  9.70   0.01
  8.25   0.01
  6.56   0.01
 10.07   0.02
 17.91   0.00
 18.37   0.01
  6.84   0.01
 17.61   0.01
 10.70   0.01
  8.22   0.01
  9.55   0.01
 10.05   0.00
  7.04   0.01
  9.92   0.02
  6.92   0.02
  3.58   0.02
 23.87   0.01
 15.20   0.01
 14.69   0.01
 16.66   0.01
 13.25   0.01
  9.17   0.02
  8.54   0.02
  8.37   0.01
  9.48   0.00
  4.54   0.02
 10.10   0.03
  7.72   0.01
  6.87   0.01
 11.10   0.01
  8.64   0.02
  8.94   0.01
 14.63   0.00
 14.26   0.02
 14.72   0.02
 13.82   0.01
 13.44   0.00
 16.08   0.01
 23.20   0.01
  9.56   0.02
 14.08   0.01
 11.81   0.01
 13.89   0.01
  7.87   0.00
  8.70   0.01
 10.56   0.01
 13.85   0.01
 23.04   0.01
 11.16   0.01
  4.02   0.01
  9.01   0.01
  4.64   0.02
 19.79   0.01
  6.79   0.02
 11.42   0.02
  8.62   0.01
 19.13   0.01
 17.33   0.00
  8.56   0.02
  5.83   0.03
 17.38   0.01
 18.67   0.01
 12.15   0.01
  9.83   0.01
 23.32   0.00
 25.00   0.01
  3.54   0.02
 21.65   0.01
 16.94   0.01
 20.14   0.00
 19.03   0.00
 20.85   0.01
  8.14   0.01
 20.22   0.01
 10.99   0.03
  4.11   0.01
 26.35   0.01
 25.62   0.01
  4.99   0.02
 29.11   0.01
 11.87   0.02
 19.24   0.01
  6.44   0.01
 27.98   0.01
 11.79   0.01
 30.29   0.01
 16.40   0.01
 20.79   0.00
  8.17   0.01
 30.56   0.01
 24.41   0.02
  8.21   0.00
 17.63   0.01
  2.22   0.02
 31.78   0.00
 27.57   0.01
 16.46   0.01
  6.22   0.02
 23.54   0.00
 10.58   0.00
 26.47   0.01
 19.50   0.01
 21.19   0.01
 17.09   0.01
 24.29   0.01
 22.90   0.01
 12.44   0.02
 22.13   0.01
  7.07   0.01
 25.45   0.00
 26.04   0.01
 23.82   0.00
 14.96   0.01
 20.29   0.02
 16.19   0.01
 21.61   0.01
  4.30   0.01
 19.45   0.01
 40.25   0.00
 20.67   0.01
 30.33   0.01
 31.22   0.01
 28.81   0.01
 19.14   0.00
 32.78   0.01
 24.28   0.00
 19.16   0.00
 26.98   0.01
 38.66   0.01
 40.99   0.00
 22.75   0.00
 18.92   0.01
 46.04   0.00
 17.30   0.01
 28.03   0.01
 29.99   0.01
 40.16   0.00
 35.35   0.01
 31.96   0.00
 42.02   0.01
 31.67   0.01
 41.91   0.00
 25.74   0.00
 40.38   0.00
 13.59   0.02
 20.20   0.02
 46.26   0.23
 18.24   0.01
 21.83   0.02
 17.27   0.01
 45.67   0.01
 40.02   0.00
  7.94   0.02
 17.12   0.01
 21.36   0.01
 12.82   0.02
 45.93   0.00
 34.78   0.01
 11.23   0.00
 10.76   0.01
 11.19   0.01
 31.25   0.00
 35.84   0.00
 26.51   0.00
 26.07   0.01
 32.40   0.01
 23.76   0.01
 43.58   0.00
 31.36   0.01
 35.79   0.01
 35.58   0.00
 40.13   0.00
 46.15   0.00
 21.17   0.01
 40.65   0.02
 26.87   0.01
 19.59   0.01
 39.08   0.00
 41.69   0.00
 37.45   0.01
  8.79   0.03
 30.04   0.00
 27.35   0.00
 46.07   0.00
 41.59   0.00
 16.36   0.01
 43.02   0.01
 12.63   0.01
 41.31   0.00
 41.75   0.00
  7.73   0.02
 41.61   0.00
 26.91   0.01
 11.64   0.01
 35.62   0.01
 19.22   0.02
 24.41   0.01
 39.69   0.00
 44.48   0.01
 40.06   0.00
 25.24   0.00
 42.16   0.01
 28.24   0.00
 35.50   0.01
 41.85   0.00
 39.32   0.01
 29.96   0.01
 22.30   0.01
 10.67   0.01
 21.35   0.00
 42.65   0.01
 37.63   0.00
 14.29   0.01
 21.63   0.01
 35.93   0.01
 30.08   0.01
 13.16   0.03
 15.64   0.00
 19.92   0.01
 41.50   0.01
 17.22   0.00
 11.77   0.01
 31.68   0.01
 20.10   0.01
  5.45   0.01
  4.04   0.03
  8.52   0.01
 36.17   0.01
 18.68   0.01
 45.50   0.00
 18.01   0.01
 39.35   0.00
 42.87   0.01
 15.86   0.01
 25.41   0.01
  7.11   0.00
 12.04   0.01
 40.63   0.00
  6.31   0.01
 25.63   0.01
 18.66   0.00
 35.20   0.01
  7.45   0.00
 28.08   0.01
  5.61   0.02
  7.93   0.02
 40.08   0.01
 11.24   0.00
 36.95   0.01
 30.93   0.01
  6.50   0.01
 12.27   0.02
  4.84   0.01
 13.75   0.01
 28.49   0.01
  0.54   0.05
 17.18   0.00
 25.57   0.01
 12.62   0.01
 18.39   0.01
 33.22   0.01
 45.94   0.01
 16.55   0.01
 24.95   0.01
 11.29   0.01
 16.70   0.01
 17.66   0.01
  8.73   0.01
 30.68   0.01
 42.90   0.01
 13.30   0.01
 24.62   0.01
 15.38   0.00
 29.16   0.00
 11.13   0.01
 37.96   0.00
 41.30   0.00
 11.31   0.00
 32.69   0.00
 24.71   0.00
 32.91   0.01
 39.78   0.00
 34.88   0.01
 24.70   0.01
 64.27   0.00
 27.75   0.00
 21.14   0.01
 85.22   0.01
 92.07   0.00
 23.86   0.01
100.00   0.00
 33.66   0.00
 24.24   0.00
 90.63   0.01
 36.32   0.01
110.87   0.00
 12.83   0.02
 60.28   0.00
 25.44   0.00
101.47   0.00
 65.21   0.00
109.09   0.00
 42.96   0.00
 54.74   0.01
 42.60   0.01
 96.13   0.00
 21.02   0.02
 79.87   0.00
 81.78   0.00
 67.07   0.00
 23.69   0.01
110.84   0.01
 58.12   0.01
 36.26   0.00
 49.08   0.01
 37.50   0.01
 93.10   0.00
 54.15   0.01
107.19   0.00
 73.31   0.01
 69.12   0.01
110.95   0.00
 10.92   0.01
 38.16   0.01
108.13   0.00
 57.93   0.00
114.09   0.00
 79.00   0.00
 56.26   0.00
 95.16   0.01
105.92   0.00
 87.68   0.01
 67.94   0.00
 94.88   0.00
 32.20   0.00
105.45   0.00
 83.53   0.00
110.26   0.00
 55.43   0.00
 93.09   0.00
107.37   0.00
104.65   0.00
107.77   0.00
  7.56   0.01
105.26   0.00
 70.78   0.00
106.95   0.00
 18.65   0.01
 77.71   0.00
 82.37   0.00
108.51   0.00
 36.69   0.01
111.25   0.01
 26.49   0.01
 35.35   0.00
 66.93   0.00
108.87   0.00
 71.02   0.00
 78.90   0.00
 72.31   0.00
  8.92   0.02
 80.70   0.00
 60.99   0.00
 34.79   0.02
106.94   0.00
 14.09   0.01
 64.82   0.01
 36.79   0.01
 45.56   0.00
 67.25   0.00
 28.08   0.01
 87.39   0.01
 37.80   0.00
 95.25   0.00
 71.12   0.00
113.58   0.00
 54.98   0.00
104.63   0.00
 58.85   0.00
 90.54   0.00
100.69   0.00
 91.71   0.01
 84.76   0.01
 48.29   0.01
 13.32   0.01
 98.99   0.00
 78.51   0.01
 33.32   0.01
 70.64   0.01
 33.17   0.01
 33.85   0.01
103.01   0.00
 23.67   0.01
 69.18   0.00
 86.24   0.00
105.04   0.01
105.25   0.00
 85.27   0.00
 49.50   0.01
 94.03   0.00
 33.54   0.01
 63.48   0.01
101.76   0.00
  1.85   0.01
106.42   0.00
103.39   0.00
110.60   0.00
103.25   0.00
114.62   0.00
111.65   0.01
104.76   0.00
 27.18   0.01
 77.87   0.01
 46.82   0.01
 74.63   0.01
 97.51   0.00
104.82   0.00
 69.22   0.01
 64.48   0.01
 80.81   0.00
 36.84   0.01
 87.91   0.00
 84.39   0.00
 21.34   0.01
 62.98   0.00
 40.17   0.01
 64.70   0.00
 77.23   0.00
101.62   0.00
110.36   0.00
  8.46   0.01
 62.14   0.00
108.48   0.00
 31.25   0.01
 32.16   0.00
 85.19   0.00
115.06   0.00
 34.82   0.01
 40.14   0.01
 34.81   0.01
 22.81   0.01
 79.52   0.01
 77.53   0.00
 71.56   0.01
 22.01   0.00
 30.68   0.01
 86.75   0.01
 60.52   0.01
 90.96   0.00
 53.62   0.01
 46.67   0.01
 72.42   0.00
107.70   0.00
  2.53   0.01
 85.54   0.01
  7.27   0.02
107.69   0.00
106.97   0.00
 65.42   0.01
116.12   0.00
 11.12   0.00
 87.18   0.01
 73.55   0.01
 21.06   0.01
102.51   0.00
 74.62   0.01
 30.48   0.01
 56.24   0.01
 34.24   0.00
108.29   0.00
105.89   0.00
 69.08   0.00
110.24   0.00
 96.08   0.00
 84.75   0.00
 44.55   0.00
 52.63   0.01
 26.07   0.00
 32.77   0.00
 69.83   0.01
 59.21   0.00
 84.13   0.00
 78.37   0.00
 10.79   0.01
 39.12   0.00
107.83   0.00
 65.10   0.00
 87.86   0.00
110.67   0.01
 35.33   0.01
 71.42   0.01
 21.38   0.01
 25.67   0.01
 85.77   0.00
 89.36   0.00
 58.52   0.01
  6.09   0.02
 32.20   0.01
 21.19   0.00
 91.13   0.01
 67.04   0.00
  3.37   0.02
 86.56   0.01
 31.27   0.00
 57.96   0.00
106.92   0.00
105.72   0.00
 95.14   0.00
 73.46   0.01
 71.64   0.00
116.32   0.00
 19.82   0.01
103.15   0.00
 69.55   0.01
 94.63   0.00
 39.44   0.00
107.65   0.00
107.09   0.01
105.02   0.00
 15.01   0.00
 69.54   0.00
 96.67   0.01
103.21   0.00
 23.27   0.01
 17.89   0.01
 92.06   0.00
 46.04   0.00
 16.28   0.02
 69.37   0.00
 15.93   0.01
108.88   0.00
 11.83   0.02
 84.09   0.01
 42.97   0.01
112.54   0.00
 69.97   0.00
 28.21   0.01
 44.42   0.01
 49.68   0.00
 34.51   0.00
 47.32   0.01
113.47   0.01
 30.84   0.01
 37.57   0.01
102.99   0.00
 36.71   0.01
 78.06   0.00
 79.77   0.00
  6.49   0.02
  9.82   0.01
 28.96   0.00
 96.53   0.00
 73.39   0.01
 27.30   0.00
110.76   0.00
 57.65   0.01
 99.73   0.00
  9.00   0.01
 90.17   0.00
 40.99   0.00
103.83   0.00
 73.95   0.00
109.12   0.00
 62.97   0.00
 58.04   0.01
  8.38   0.02
 69.12   0.00
 76.64   0.01
 25.92   0.01
 55.69   0.01
 35.05   0.01
 31.12   0.01
 47.50   0.01
109.11   0.00
 82.84   0.00
 55.18   0.00
 88.85   0.01
 22.69   0.01
 35.72   0.00
 70.20   0.01
 79.30   0.00
108.42   0.00
 89.98   0.00
105.71   0.01
109.28   0.00
 20.93   0.01
 39.99   0.00
100.62   0.00
 54.77   0.00
106.01   0.00
 62.77   0.00
112.24   0.00
 69.11   0.00
 70.21   0.00
100.76   0.00
 79.01   0.00
 66.97   0.00
 50.64   0.01
 60.64   0.01
  5.69   0.02
 34.62   0.01
100.88   0.00
 27.09   0.00
 90.15   0.00
 28.85   0.01
105.59   0.00
 35.57   0.01
 83.29   0.01
 77.60   0.01
 64.23   0.00
 91.38   0.01
 59.49   0.01
 49.76   0.00
102.98   0.00
109.22   0.00
 89.69   0.00
 75.10   0.01
 62.94   0.00
 69.87   0.01
 69.85   0.00
 64.37   0.00
113.20   0.00
 55.88   0.01
 54.58   0.00
 71.24   0.00
 80.49   0.00
 98.30   0.01
 60.33   0.01
 40.42   0.01
106.51   0.00
 84.24   0.00
101.16   0.00
 20.56   0.01
 33.02   0.00
 55.93   0.00
 91.50   0.00
 31.56   0.01
 48.80   0.00
 81.37   0.01
 42.52   0.00
101.02   0.00
 52.20   0.01
 89.96   0.01
 32.29   0.01
102.45   0.00
 67.65   0.01
109.11   0.00
 52.70   0.01
 21.52   0.01
 80.62   0.00
 62.26   0.01
108.49   0.00
 66.84   0.00
 36.19   0.00
 24.53   0.01
 73.38   0.00
 10.24   0.01
100.29   0.00
 59.85   0.00
 56.27   0.00
104.56   0.00
108.96   0.01
 29.99   0.00
105.12   0.00
113.24   0.00
 54.61   0.01
 40.31   0.01
 14.41   0.00
 92.05   0.00
 39.57   0.00
 72.70   0.00
101.91   0.00
 96.96   0.00
 30.46   0.00
  3.10   0.03
 97.57   0.00
102.20   0.00
 32.60   0.01
 52.27   0.00
 47.59   0.01
 94.28   0.01
 87.34   0.00
101.26   0.00
 68.11   0.00
 64.79   0.00
 93.76   0.00
 33.55   0.01
 49.61   0.00
 95.26   0.00
  9.52   0.01
  5.26   0.02
 33.12   0.01
 53.18   0.01
 14.44   0.01
111.69   0.00
 67.59   0.00
 30.94   0.01
100.37   0.00
 70.71   0.00
 40.45   0.01
103.95   0.00
106.40   0.00
 88.82   0.00
 95.02   0.00
 68.90   0.01
102.55   0.00
 71.61   0.00
 47.54   0.00
 88.87   0.00
104.15   0.00
103.74   0.00
108.57   0.00
 36.94   0.00
 34.73   0.00
 27.48   0.01
108.67   0.00
 60.67   0.01
 85.99   0.00
 97.69   0.00
 40.12   0.00
105.12   0.00
 57.33   0.00
 84.04   0.01
115.27   0.01
 42.10   0.00
 81.56   0.01
102.34   0.00
  8.13   0.01
 47.56   0.01
 12.73   0.02
  7.15   0.03
  5.00   0.01
 90.09   0.01
 19.96   0.01
 99.66   0.00
 78.80   0.00
 82.20   0.00
 38.07   0.00
 44.00   0.00
 46.68   0.01
 62.89   0.01
 26.32   0.01
 46.08   0.01
107.57   0.00
103.83   0.00
 17.22   0.01
 21.18   0.01
103.66   0.00
114.00   0.00
104.90   0.00
  8.88   0.02
115.10   0.00
102.41   0.00
 79.35   0.00
 39.55   0.01
 56.23   0.00
 48.50   0.01
 59.10   0.01
107.50   0.00
 80.04   0.01
 84.43   0.00
 86.94   0.00
105.58   0.01
108.85   0.00
 75.43   0.01
  5.93   0.03
107.68   0.00
 31.86   0.00
 71.46   0.01
 33.44   0.00
 26.61   0.00
 48.71   0.01
 61.45   0.00
 94.11   0.00
 46.66   0.01
 68.06   0.00
 90.29   0.00
 82.10   0.01
 29.40   0.01
 15.27   0.01
 60.12   0.00
 82.56   0.01
 98.01   0.01
 92.84   0.00
109.51   0.00
107.83   0.00
109.17   0.00
 91.67   0.01
 72.62   0.00
104.20   0.01
 71.17   0.01
 58.88   0.00
 20.91   0.00
112.99   0.00
 67.96   0.00
 37.23   0.00
 62.78   0.01
 43.58   0.01
115.63   0.00
 28.73   0.00
 81.03   0.01
107.84   0.00
 97.39   0.00
 65.09   0.00
 77.01   0.00
 61.22   0.01
100.72   0.00
 30.22   0.01
104.85   0.00
 59.45   0.01
102.29   0.00
 70.65   0.00
 27.21   0.01
 17.93   0.01
 17.60   0.01
 79.28   0.00
 17.87   0.00
 77.28   0.01
 73.24   0.00
107.53   0.00
 97.45   0.01
 49.27   0.01
 25.45   0.00
 29.27   0.00
 75.17   0.01
111.43   0.00
 29.37   0.00
 47.26   0.01
 54.98   0.00
116.36   0.00
 76.37   0.01
105.32   0.00
111.14   0.00
 94.04   0.00
 80.70   0.00
 74.71   0.00
 86.10   0.00
 22.43   0.00
 13.11   0.01
 92.08   0.00
 72.87   0.00
  8.85   0.00
 55.38   0.01
 43.72   0.01
 98.56   0.00
 76.51   0.00
 81.81   0.01
 90.25   0.00
 49.49   0.00
 19.35   0.01
 97.63   0.01
105.67   0.00
 71.85   0.00
 98.83   0.00
 89.97   0.00
 52.86   0.00
 20.43   0.00
 41.27   0.01
 93.14   0.01
 64.85   0.00
 69.11   0.01
 46.69   0.00
 26.84   0.01
 14.70   0.01
 85.32   0.00
104.03   0.00
 57.17   0.01
 91.39   0.00
107.44   0.00
108.94   0.00
 73.52   0.00
109.70   0.00
 58.10   0.01
 85.01   0.01
112.74   0.01
109.12   0.04
 10.28   0.00
 91.43   0.00
 94.00   0.00
 39.62   0.01
 37.95   0.01
111.68   0.00
  9.65   0.01
112.12   0.00
 87.75   0.00
 95.18   0.00
108.90   0.00
 37.88   0.02
 98.93   0.01
 27.42   0.01
114.37   0.01
 77.70   0.01
 85.82   0.01
 84.01   0.00
 89.08   0.00
103.80   0.00
 53.37   0.00
  9.50   0.01
100.42   0.00
 18.09   0.01
 22.68   0.01
 46.44   0.01
 34.82   0.00
 99.59   0.01
 32.38   0.01
 80.64   0.00
 42.93   0.01
103.17   0.01
 94.20   0.00
100.88   0.00
 14.78   0.01
 74.01   0.00
 34.08   0.01
 56.94   0.00
106.18   0.00
 92.26   0.00
 70.41   0.00
 62.19   0.00
106.92   0.01
 75.17   0.00
 59.79   0.00
 62.15   0.00
108.69   0.01
100.62   0.00
 68.90   0.01
 97.17   0.00
  9.70   0.01
107.75   0.00
 11.66   0.01
 44.58   0.00
110.39   0.00
 22.28   0.01
 51.36   0.01
 54.17   0.01
 85.66   0.00
 68.15   0.00
 59.16   0.00
 40.46   0.02
 46.43   0.01
 11.14   0.01
 74.35   0.00
 37.96   0.01
 75.31   0.00
 58.45   0.00
 91.79   0.00
 65.19   0.00
 75.11   0.00
 70.33   0.00
110.00   0.00
 84.30   0.00
103.47   0.00
 83.07   0.00
 70.64   0.01
 20.53   0.01
 55.30   0.00
  8.29   0.03
 76.43   0.01
103.47   0.01
 90.70   0.00
 57.87   0.00
 93.86   0.00
 58.68   0.01
114.67   0.00
107.22   0.00
 95.85   0.00
 25.48   0.01
 68.96   0.01
115.16   0.00
 64.94   0.01
 52.26   0.01
103.10   0.00
 41.97   0.00
100.59   0.01
 96.01   0.01
 43.36   0.00
 49.47   0.01
 86.57   0.00
107.26   0.00
 23.32   0.01
 57.18   0.00
 80.17   0.00
 93.33   0.01
107.00   0.00
107.51   0.00
 94.13   0.00
 47.82   0.00
104.43   0.00
 91.54   0.00
102.84   0.00
 64.77   0.00
 66.63   0.01
105.71   0.00
 44.35   0.00
 92.44   0.01
108.13   0.00
111.63   0.00
 99.22   0.00
 86.73   0.01
 31.12   0.01
 35.20   0.01
 61.59   0.01
108.98   0.01
 92.62   0.00
 84.93   0.01
 85.51   0.01
 97.93   0.00
107.48   0.00
 95.82   0.00
108.76   0.00
 99.88   0.00
 26.10   0.01
 80.34   0.00
 73.49   0.01
  2.55   0.05
114.55   0.01
 59.94   0.01
 96.82   0.00
100.26   0.01
 50.60   0.00
 85.94   0.00
101.85   0.00
 97.02   0.00
 39.31   0.01
 25.48   0.02
104.99   0.00
 58.70   0.00
 98.25   0.01
 87.31   0.00
 34.23   0.00
 96.70   0.01
113.42   0.00
 74.01   0.01
 69.70   0.00
 18.38   0.02
 35.87   0.01
 42.53   0.01
111.31   0.00
 51.11   0.00
 96.11   0.01
 22.49   0.01
109.18   0.00
 78.71   0.01
116.63   0.30
 11.38   0.01
  4.84   0.02
 11.17   0.00
  3.76   0.02
 28.54   0.01
  6.98   0.03
 20.66   0.00
 40.93   0.00
 35.68   0.01
 26.10   0.00
  6.55   0.01
 21.59   0.00
 24.47   0.00
 50.47   0.01
 37.32   0.00
  8.08   0.02
 22.59   0.00
 49.60   0.00
 48.98   0.00
  6.59   0.03
 20.65   0.01
 18.83   0.01
 47.99   0.00
 12.14   0.00
 28.34   0.01
 44.35   0.01
 32.21   0.01
 25.23   0.00
  2.36   0.02
 12.05   0.01
 18.10   0.01
 11.60   0.01
 43.40   0.01
 13.26   0.01
 15.86   0.01
  6.26   0.02
  1.49   0.02
 25.90   0.01
 51.28   0.22
 12.21   0.01
 12.99   0.01
 47.69   0.00
 22.73   0.01
 48.64   0.01
  6.30   0.01
 47.69   0.00
 43.59   0.00
 11.10   0.00
  7.21   0.01
 22.86   0.01
 34.46   0.00
 51.15   0.00
 48.27   0.00
 32.48   0.01
  8.98   0.01
 20.67   0.01
 47.69   0.00
 13.67   0.02
 23.99   0.01
 37.73   0.01
 20.27   0.01
 28.68   0.00
 17.87   0.00
 35.13   0.01
 16.92   0.01
 34.43   0.00
 18.44   0.01
  4.71   0.02
 22.29   0.00
 11.80   0.00
 12.84   0.01
 23.45   0.00
 13.45   0.01
  6.68   0.01
 49.70   0.00
 50.95   0.01
 11.33   0.01
 22.99   0.02
 47.19   0.00
 33.12   0.01
 24.40   0.01
 33.32   0.01
 26.66   0.01
 32.59   0.01
 20.89   0.01
 35.56   0.01
 48.63   0.01
 14.45   0.01
 12.32   0.01
 45.66   0.01
 19.10   0.00
 26.54   0.01
 11.33   0.00
  3.35   0.01
 19.11   0.01
 33.91   0.00
 16.29   0.01
  4.92   0.02
 42.66   0.01
 17.40   0.00
 22.39   0.00
  8.37   0.01
  7.68   0.01
 28.82   0.01
 27.35   0.01
  6.42   0.02
 13.83   0.01
  5.41   0.01
 11.58   0.01
  9.13   0.01
 46.62   0.00
 21.21   0.01
 41.78   0.01
 28.66   0.01
 16.47   0.01
 11.87   0.01
 14.31   0.01
 39.40   0.00
 42.77   0.00
 26.70   0.01
 10.58   0.00
  2.51   0.04
 20.48   0.00
 29.26   0.01
 43.16   0.00
  9.85   0.01
 46.63   0.00
  7.56   0.02
 10.00   0.02
 29.27   0.00
 40.77   0.00
 10.59   0.02
 40.07   0.01
 18.64   0.01
 12.04   0.00
 39.56   0.00
 10.67   0.02
 37.91   0.01
 34.87   0.01
 16.18   0.01
 12.34   0.01
 25.69   0.00
  1.99   0.03
 21.67   0.01
 28.51   0.01
 14.86   0.01
  6.17   0.01
  4.48   0.03
 30.15   0.01
 39.98   0.01
 33.02   0.01
  7.35   0.02
 21.22   0.01
 23.60   0.01
 17.17   0.02
 10.26   0.01
 33.05   0.00
 22.84   0.00
  7.42   0.01
 46.98   0.01
 19.10   0.01
 41.05   0.00
 24.35   0.00
 15.79   0.01
 43.40   0.00
 25.41   0.01
 47.79   0.00
 14.98   0.01
 26.25   0.01
 43.91   0.01
 23.57   0.01
 42.40   0.00
  2.60   0.03
 19.96   0.01
 22.91   0.01
  9.75   0.00
 19.38   0.00
 49.53   0.00
 33.60   0.00
  9.25   0.02
 10.21   0.02
  4.64   0.01
 24.39   0.01
 14.24   0.01
 37.17   0.00
 23.57   0.01
 11.48   0.01
 14.41   0.01
 42.71   0.01
 48.94   0.01
 25.68   0.01
 50.58   0.00
 11.84   0.01
 13.07   0.01
 49.75   0.01
 14.31   0.01
 43.50   0.01
 13.27   0.00
 37.51   0.01
 19.21   0.00
  0.95   0.04
  4.97   0.03
 13.39   0.01
  4.00   0.00
 44.80   0.01
 49.54   0.00
 15.27   0.01
 12.12   0.01
 11.39   0.02
 31.94   0.00
 44.72   0.01
 18.77   0.01
  7.64   0.02
 14.97   0.01
 39.24   0.00
  9.44   0.01
  2.62   0.03
 40.87   0.00
  9.99   0.00
 41.59   0.00
 24.45   0.01
 13.52   0.00
 16.49   0.02
  7.30   0.02
 24.61   0.01
 21.32   0.01
  9.15   0.01
 24.75   0.01
 26.70   0.01
 16.66   0.01
 10.10   0.01
 26.48   0.00
 18.47   0.01
 19.24   0.00
 21.22   0.01
  8.70   0.01
  7.41   0.02
 16.23   0.01
 21.86   0.01
 26.37   0.00
 14.82   0.02
  4.98   0.01
 10.91   0.02
 18.05   0.01
 15.60   0.02
  7.76   0.02
 11.76   0.02
 16.04   0.01
 19.83   0.02
 14.41   0.01
 10.61   0.02
 11.01   0.01
 12.61   0.02
 24.54   0.00
 15.55   0.01
 24.01   0.01
 19.64   0.01
  9.07   0.01
 26.78   0.00
 11.94   0.01
 24.18   0.01
  7.86   0.01
 15.47   0.01
 26.40   0.00
  9.63   0.02
  6.78   0.02
 22.67   0.01
 11.88   0.01
 26.86   0.00
 19.55   0.01
  6.00   0.01
 19.66   0.01
 26.27   0.00
 26.87   0.30
 19.13   0.00
 19.30   0.00
 25.04   0.01
  4.19   0.01
 11.17   0.01
 25.54   0.01
 10.56   0.01
 10.50   0.02
 14.37   0.02
 19.47   0.01
 24.62   0.00
 13.05   0.01
 12.72   0.01
 26.60   0.00
  5.51   0.01
 17.77   0.01
  4.86   0.02
  3.18   0.02
  0.96   0.03
  2.54   0.04
  3.04   0.04
  6.73   0.02
 44.85   0.00
 18.35   0.01
 39.59   0.00
  1.24   0.07
  1.87   0.03
  2.41   0.02
  0.90   0.04
  2.36   0.02
  1.89   0.06
  0.99   0.03
  2.35   0.02
  0.90   0.04
  0.16   0.05
  2.78   0.03
  2.19   0.03
  5.01   0.01
  1.80   0.03
  2.88   0.01
  1.99   0.03
  0.14   0.06
  2.38   0.03
 17.48   0.01
  9.72   0.00
  1.81   0.02
  2.15   0.03
 11.21   0.02
 48.91   0.00
 11.65   0.02
  8.61   0.01
  0.75   0.02
 19.98   0.00
 17.88   0.01
 38.95   0.01
  7.40   0.01
  2.47   0.02
  4.19   0.00
  2.02   0.02
  6.34   0.02
  3.43   0.03
  2.31   0.02
  4.22   0.03
  7.33   0.01
 49.28   0.00
  2.25   0.04
  2.18   0.02
  4.22   0.01
  0.68   0.03
  2.15   0.02
  3.02   0.01
 96.92   0.00
  0.79   0.03
  4.89   0.02
  6.26   0.01
  0.88   0.02
  0.99   0.06
  0.37   0.05
  0.90   0.03
  4.73   0.02
 23.25   0.01
  4.81   0.02
  0.56   0.04
  3.05   0.03
  2.54   0.01
 19.13   0.01
  3.68   0.03
  4.91   0.00
  4.43   0.03
  1.67   0.01
 13.43   0.01
  3.90   0.02
  1.26   0.02
  1.63   0.03
  1.47   0.03
  7.08   0.01
  2.14   0.03
  1.33   0.06
  3.47   0.02
  6.32   0.02
  1.31   0.04
  3.01   0.01
 26.16   0.01
  1.76   0.02
  2.23   0.04
 18.32   0.00
 17.86   0.02
  4.64   0.01
  6.51   0.01
  0.01   0.07
 22.43   0.01
 40.97   0.00
  3.27   0.02
  6.02   0.02
 10.28   0.01
 27.76   0.02
  0.99   0.04
  1.58   0.02
 38.69   0.01
  3.10   0.03
  9.43   0.00
 19.58   0.01
  2.47   0.07
  0.54   0.04
  2.52   0.03
  0.31   0.04
 13.33   0.00
  2.36   0.02
 15.69   0.01
  1.69   0.03
  5.76   0.03
  1.74   0.03
 28.12   0.02
  4.54   0.02
  1.98   0.02
  2.70   0.03
  3.68   0.03
  4.09   0.02
  2.82   0.02
  2.11   0.03
  3.56   0.02
  6.13   0.02
 11.71   0.02
 92.21   0.00
  1.11   0.02
  2.47   0.02
  3.97   0.07
  0.07   0.05
 10.22   0.02
  4.17   0.02
 74.89   0.01
  4.52   0.00
  3.33   0.03
  2.16   0.04
  2.27   0.03
 12.09   0.01
  0.13   0.05
111.88   0.00
  3.47   0.02
  6.75   0.02
  1.59   0.02
  1.99   0.01
  4.47   0.09
  1.08   0.04
  1.41   0.03
  5.43   0.02
  1.20   0.04
 23.53   0.01
  0.87   0.08
 89.08   0.00
  2.59   0.02
 12.07   0.02
103.80   0.00
  1.06   0.05
 51.24   0.00
  8.16   0.02
  1.10   0.04
  0.58   0.03
 13.14   0.02
 18.00   0.01
 79.94   0.01
 12.98   0.00
  2.77   0.03
  0.32   0.04
  3.08   0.02
  5.59   0.01
  2.20   0.02
  2.33   0.01
  3.99   0.01
  3.57   0.01
  2.19   0.03
  1.03   0.02
  7.15   0.02
  0.81   0.03
  4.13   0.01
 22.74   0.00
  1.03   0.02
 71.98   0.00
  2.09   0.02
 11.57   0.01
  1.60   0.09
  1.66   0.03
 11.42   0.01
  0.08   0.06
  9.63   0.01
  0.82   0.02
  2.34   0.02
  0.52   0.03
  1.60   0.03
  3.49   0.02
  1.70   0.03
  3.35   0.02
  1.21   0.03
 17.58   0.01
  1.78   0.03
 15.73   0.01
  5.25   0.01
  1.64   0.03
  5.40   0.01
  0.89   0.03
  1.25   0.03
  5.26   0.01
  0.64   0.04
  9.46   0.02
  2.08   0.01
  0.16   0.05
  1.14   0.04
  3.06   0.02
 10.12   0.00
 16.36   0.01
  1.36   0.02
  2.82   0.01
 11.89   0.01
  0.96   0.12
  1.16   0.03
  3.05   0.02
  0.79   0.05
 25.96   0.01
  2.51   0.02
  1.81   0.01
101.84   0.00
  0.13   0.05
  2.44   0.01
  0.45   0.04
  1.42   0.02
  0.52   0.04
  0.81   0.04
  1.03   0.02
  1.65   0.03
  1.82   0.11
  0.88   0.06
 11.06   0.01
  1.19   0.03
 10.04   0.01
 14.84   0.01
  1.03   0.03
  0.00   0.08
  2.05   0.10
  4.98   0.02
  1.00   0.02
  4.31   0.02
 23.51   0.00
 58.88   0.01
  2.74   0.01
 15.41   0.01
  1.79   0.01
  1.75   0.02
 10.81   0.00
  0.40   0.04
  0.83   0.02
 13.15   0.00
  0.89   0.02
  1.33   0.03
  0.87   0.04
  1.91   0.03
  1.40   0.01
 20.86   0.01
  1.55   0.02
  2.72   0.04
  3.01   0.01
  5.54   0.01
 12.02   0.01
  1.50   0.03
 13.14   0.02
 10.98   0.01
  0.51   0.04
 19.17   0.00
 10.31   0.01
  0.04   0.06
  1.27   0.03
  1.92   0.02
  0.80   0.02
  1.45   0.02
  3.92   0.01
  0.23   0.05
  0.83   0.04
  8.49   0.01
  0.62   0.03
  0.63   0.03
  2.39   0.03
 19.84   0.01
  1.01   0.03
  1.64   0.02
  6.80   0.01
 26.07   0.01
  7.42   0.02
 26.59   0.00
  1.46   0.04
  2.54   0.02
  3.12   0.11
 18.45   0.02
  1.57   0.01
  2.99   0.02
  2.99   0.01
  1.75   0.02
  0.32   0.04
 10.43   0.02
 20.14   0.01
  1.66   0.03
 29.63   0.01
  5.07   0.03
  2.99   0.03
  8.16   0.01
 28.54   0.01
  2.18   0.08
  2.63   0.02
 20.98   0.00
  3.81   0.02
  2.17   0.03
  9.61   0.01
 15.40   0.00
 13.57   0.01
  2.84   0.01
  2.06   0.03
  1.35   0.02
  5.96   0.02
 14.55   0.01
  1.26   0.08
  2.97   0.01
  2.39   0.03
 14.23   0.00
  3.31   0.02
  0.89   0.03
  0.52   0.05
  4.06   0.11
  2.02   0.08
  0.93   0.04
  9.57   0.01
  0.20   0.04
 15.17   0.01
  3.14   0.08
  2.18   0.01
 47.16   0.01
  1.25   0.04
  5.93   0.01
  2.11   0.03
  3.14   0.03
  1.40   0.02
  4.99   0.03
  4.12   0.00
  2.75   0.01
  1.40   0.02
 30.85   0.00
 46.11   0.00
  2.93   0.02
  0.76   0.04
  1.36   0.03
  1.12   0.01
  1.92   0.03
  0.01   0.07
  2.07   0.03
  2.32   0.01
  1.64   0.03
 14.24   0.02
  2.24   0.00
  2.33   0.02
  2.88   0.01
  8.78   0.01
 36.23   0.01
 18.77   0.00
  0.59   0.04
  3.26   0.03
  0.36   0.05
  0.86   0.04
  1.65   0.03
 10.10   0.01
  1.48   0.05
 22.62   0.01
  2.52   0.02
  2.52   0.02
 17.64   0.01
  4.34   0.01
 80.89   0.00
  2.97   0.02
 18.32   0.01
  1.53   0.02
  1.44   0.04
 15.90   0.00
  2.54   0.03
  0.90   0.03
  0.78   0.03
  2.45   0.02
 36.41   0.01
  2.08   0.04
  0.55   0.04
  9.98   0.01
  1.86   0.02
  3.63   0.01
  3.34   0.02
  1.94   0.01
  3.33   0.01
  1.13   0.05
104.78   0.00
  1.10   0.01
  2.94   0.03
  4.93   0.02
