-0.009088 0.001331
-0.009152 0.000816
-0.009503 0.004839
-0.008968 0.002858
-0.009364 0.001693
-0.010136 0.004451
-0.009136 0.002313
-0.008939 0.002772
-0.009173 0.002381
-0.009301 0.000962
-0.009188 0.000362
-0.009623 0.001901
-0.009138 0.002876
-0.009729 0.002699
-0.008865 0.002167
-0.009301 0.001067
-0.010185 0.003443
-0.008878 0.005110
-0.009509 0.001152
-0.010176 0.003043
-0.009807 0.001558
-0.009057 0.000828
-0.009936 0.004766
-0.009952 0.002174
-0.009257 0.001400
-0.009238 0.000674
-0.009244 0.001664
-0.008883 0.000877
-0.009108 0.004282
-0.009123 0.000683
-0.008885 0.003506
-0.008885 0.000528
-0.010112 0.004566
-0.009218 0.002696
-0.008968 0.002459
-0.009086 0.001925
-0.009549 0.001562
-0.010041 0.002584
-0.010296 0.003350
-0.009878 0.001872
-0.008885 0.002363
-0.010128 0.002252
-0.009142 0.000831
-0.010347 0.003015
-0.009918 0.005849
-0.008955 0.003146
-0.009194 0.000554
-0.008760 0.004061
-0.009162 0.001935
-0.009063 0.002923
-0.008677 0.718695
-0.009974 0.001333
-0.009361 0.001129
-0.009451 0.004180
-0.009873 0.004345
-0.009252 0.001136
-0.008824 0.025352
-0.008921 0.002787
-0.009699 0.003118
-0.009895 0.002733
-0.009333 0.002726
-0.008999 0.001150
-0.010131 0.004289
-0.009522 0.001614
-0.009309 0.003327
-0.009306 0.002624
-0.009102 0.003275
-0.009163 0.000819
-0.009312 0.003448
-0.009225 0.002352
-0.009727 0.002947
-0.009669 0.000925
-0.009896 0.001346
-0.009711 0.001011
-0.008933 0.002450
-0.009882 0.001255
-0.009516 0.002355
-0.009823 0.001755
-0.009999 0.002163
-0.009544 0.002459
-0.009373 0.002146
-0.009553 0.001740
-0.009559 0.000324
-0.008745 0.001325
-0.009115 0.001373
-0.009998 0.001817
-0.008731 0.003192
-0.010408 0.001424
-0.008956 0.001536
-0.008872 0.001468
-0.009406 0.002815
-0.009974 0.004637
-0.009599 0.002351
-0.010188 0.001423
-0.009370 0.000469
-0.010632 0.003018
-0.010279 0.004280
-0.010231 0.000869
-0.009125 0.001171
-0.009765 0.000609
-0.009670 0.002665
-0.009791 0.002313
-0.009401 0.001583
-0.009612 0.003099
-0.009956 0.002337
-0.009479 0.003470
-0.010043 0.002616
-0.009141 0.001194
-0.008882 0.002061
-0.009767 0.001430
-0.009655 0.003503
-0.010199 0.003053
-0.009658 0.002772
-0.010677 0.002917
-0.010608 0.004195
-0.009836 0.001471
-0.010711 0.002683
-0.009804 0.001163
-0.010126 0.001826
-0.009838 0.001928
-0.009829 0.002390
-0.010140 0.001903
-0.010104 0.000620
-0.010906 0.006643
-0.010566 0.002205
-0.009900 0.002365
-0.010161 0.001973
-0.010439 0.001865
-0.010170 0.002135
-0.010421 0.003954
-0.010269 0.000817
-0.010131 0.002260
-0.010361 0.002080
-0.010482 0.002492
-0.009767 0.002289
-0.010254 0.001220
-0.009814 0.001207
-0.011208 0.004346
-0.009570 0.002640
-0.010030 0.004602
-0.009505 0.002105
-0.009808 0.003829
-0.010607 0.000417
-0.010346 0.002763
-0.011422 0.004047
-0.010536 0.001906
-0.010563 0.003950
-0.009689 0.001076
-0.010199 0.001170
-0.009357 0.003146
-0.010613 0.001814
-0.010808 0.001572
-0.010344 0.002567
-0.009718 0.004463
-0.009992 0.004053
-0.010141 0.001322
-0.009787 0.001641
-0.010343 0.003170
-0.009500 0.002107
-0.010190 0.002307
-0.010960 0.004514
-0.010840 0.003621
-0.009712 0.002280
-0.010483 0.001654
-0.010140 0.003483
-0.010272 0.001632
-0.009710 0.002534
-0.010556 0.003166
-0.010753 0.000964
-0.010872 0.003159
-0.010558 0.002337
-0.010993 0.002517
-0.010393 0.004133
-0.011540 0.002512
-0.010574 0.002526
-0.010685 0.003650
-0.010417 0.000924
-0.010905 0.001136
-0.010280 0.002417
-0.011119 0.002378
-0.009939 0.002532
-0.011158 0.001424
-0.010541 0.001777
-0.010766 0.001526
-0.010285 0.001430
-0.010844 0.002758
-0.009899 0.003974
-0.010777 0.003305
-0.011542 0.003740
-0.010879 0.002325
-0.010272 0.001532
-0.009917 0.004296
-0.009784 0.003139
-0.010073 0.000694
-0.011615 0.001369
-0.010630 0.001866
-0.011680 0.001812
-0.010960 0.003806
-0.009771 0.005671
-0.010149 0.001391
-0.010049 0.000820
-0.011036 0.001119
-0.010348 0.001625
-0.011543 0.002951
-0.011010 0.004095
-0.010959 0.002244
-0.010803 0.003741
-0.010034 0.003492
-0.010685 0.004305
-0.011103 0.001877
-0.011075 0.001987
-0.011101 0.004699
-0.011642 0.001984
-0.010844 0.001422
-0.010590 0.002624
-0.009772 0.002410
-0.010324 0.005188
-0.009969 0.003145
-0.010756 0.004670
-0.011716 0.001056
-0.011262 0.001793
-0.011443 0.004542
-0.010298 0.001927
-0.011088 0.000154
-0.010115 0.001998
-0.011656 0.000855
-0.011021 0.002829
-0.010911 0.004293
-0.010370 0.001675
-0.010619 0.000487
-0.009860 0.001870
-0.010099 0.001268
-0.010394 0.001833
-0.010965 0.002754
-0.011116 0.001910
-0.011598 0.002862
-0.011361 0.002658
-0.011871 0.003093
-0.010568 0.003782
-0.011102 0.001627
-0.010909 0.003546
-0.010608 0.001903
-0.011448 0.003142
-0.010057 0.001368
-0.010881 0.002310
-0.011190 0.001663
-0.011049 0.003172
-0.010859 0.002168
-0.011143 0.001986
-0.010231 0.002204
-0.010588 0.004641
-0.010045 0.002550
-0.010436 0.002335
-0.010902 0.001466
-0.010852 0.003181
-0.010083 0.001612
-0.011416 0.002334
-0.011046 0.002563
-0.011583 0.003789
-0.010877 0.004554
-0.011309 0.005173
-0.010468 0.001417
-0.011136 0.003713
-0.011678 0.005244
-0.009952 0.003623
-0.011415 0.003727
-0.010967 0.004350
-0.010278 0.003127
-0.011522 0.002958
-0.010556 0.005276
-0.011269 0.001971
-0.010253 0.001587
-0.011792 0.005628
-0.011183 0.000659
-0.011641 0.002916
-0.010279 0.003256
-0.010012 0.000976
-0.009931 0.004087
-0.010062 0.002367
-0.011598 0.005549
-0.010506 0.001744
-0.011234 0.003017
-0.011698 0.002215
-0.010524 0.002560
-0.011577 0.002139
-0.010492 0.002574
-0.011455 0.003739
-0.011280 0.001092
-0.010699 0.001893
-0.011598 0.003123
-0.010946 0.002235
-0.011617 0.002147
-0.011637 0.001411
-0.011352 0.002438
-0.009359 0.002761
-0.010899 0.002253
-0.010586 0.000839
-0.011842 0.002827
-0.011732 0.001438
-0.010810 0.001909
-0.012242 0.003475
-0.011112 0.004405
-0.010524 0.003181
-0.010596 0.000620
-0.011554 0.000975
-0.011662 0.001689
-0.011878 0.003789
-0.012110 0.003372
-0.011457 0.003737
-0.010689 0.001866
-0.011916 0.003117
-0.011579 0.003299
-0.011435 0.002348
-0.010541 0.002785
-0.009053 0.001546
-0.011723 0.001588
-0.012266 0.003796
-0.009769 0.011896
-0.010009 0.002534
-0.012341 0.004312
-0.011626 0.003504
-0.011910 0.001689
-0.011605 0.003610
-0.012212 0.001222
-0.010107 0.002081
-0.012787 0.003807
-0.011118 0.000920
-0.008944 0.001224
-0.011180 0.001745
-0.011032 0.003050
-0.009830 0.001722
-0.009049 0.003241
-0.011257 0.002809
-0.011295 0.000992
-0.010684 0.005121
-0.010734 0.001964
-0.009883 0.003042
-0.010781 0.003813
-0.009851 0.000641
-0.009261 0.004060
-0.009104 0.001032
-0.011622 0.003089
-0.009076 0.001752
-0.008940 0.048404
-0.009296 0.002587
-0.010341 0.003312
-0.012214 0.003472
-0.009496 0.001832
-0.011864 0.002182
-0.012206 0.003831
-0.008947 0.000213
-0.010900 0.003542
-0.009032 0.001829
-0.010733 0.004152
-0.009490 0.000038
-0.009833 0.000241
-0.011657 0.002483
-0.011894 0.002748
-0.009482 0.003769
-0.012450 0.001518
-0.009821 0.002658
-0.012315 0.002824
-0.012561 0.004203
-0.010625 0.002627
-0.011039 0.002444
-0.009265 0.000560
-0.010879 0.002403
-0.010932 0.001457
-0.011679 0.000971
-0.009042 0.001620
-0.012539 0.002267
-0.010008 0.002103
-0.012924 0.002081
-0.012120 0.001615
-0.011173 0.003347
-0.010332 0.003536
-0.011083 0.002272
-0.009146 0.002460
-0.010942 0.001017
-0.010840 0.000908
-0.009672 0.000788
-0.009132 0.002459
-0.011553 0.003432
-0.009114 0.002329
-0.009532 0.001298
-0.011135 0.000793
-0.012399 0.000777
-0.009233 0.001745
-0.012136 0.000139
-0.009411 0.002613
-0.009244 0.001640
-0.009950 0.002487
-0.012006 0.002781
-0.012423 0.001127
-0.011243 0.001153
-0.012714 0.001848
-0.009296 0.001086
-0.012151 0.003273
-0.011138 0.002310
-0.010996 0.001804
-0.010201 0.004329
-0.010703 0.001855
-0.010161 0.004912
-0.010343 0.002301
-0.009376 0.002802
-0.012906 0.002301
-0.011329 0.002082
-0.009596 0.001699
-0.010011 0.003885
-0.011418 0.001912
-0.011952 0.002842
-0.009486 0.000739
-0.012606 0.002170
-0.010119 0.002488
-0.010532 0.003506
-0.013264 0.004942
-0.010942 0.002550
-0.011817 0.003406
-0.010488 0.002445
-0.010081 0.000242
-0.012610 0.005098
-0.011642 0.002280
-0.010274 0.003045
-0.011539 0.002533
-0.010137 0.002708
-0.011471 0.002810
-0.009713 0.001181
-0.012023 0.001860
-0.012792 0.000918
-0.010878 0.003395
-0.010220 0.002091
-0.011715 0.003482
-0.010262 0.001751
-0.010397 0.001951
-0.010043 0.001843
-0.010242 0.000511
-0.013009 0.005194
-0.010763 0.001702
-0.010054 0.003262
-0.012620 0.008122
-0.011379 0.005599
-0.011769 0.003605
-0.011139 0.002909
-0.010994 0.002641
-0.011352 0.001745
-0.010152 0.005377
-0.013251 0.002487
-0.010617 0.002238
-0.010793 0.001447
-0.010149 0.009927
-0.011823 0.002868
-0.010702 0.002639
-0.010564 0.002697
-0.012614 0.003419
-0.013594 0.004296
-0.011907 0.001114
-0.011896 0.001454
-0.011824 0.003373
-0.010564 0.004289
-0.012243 0.002259
-0.010906 0.003135
-0.010491 0.003027
-0.010570 0.000894
-0.011222 0.002978
-0.011116 0.002088
-0.011126 0.001706
-0.010928 0.002646
-0.010221 0.002821
-0.010720 0.000972
-0.010689 0.004291
-0.010540 0.002907
-0.012420 0.002105
-0.012808 0.002859
-0.011652 0.002449
-0.012345 0.003324
-0.012302 0.002686
-0.011165 0.001576
-0.010456 0.002214
-0.011283 0.002695
-0.011567 0.002195
-0.011287 0.002155
-0.011688 0.001701
-0.010426 0.003204
-0.010495 0.001786
-0.011980 0.001593
-0.010831 0.001635
-0.010708 0.003330
-0.010235 0.008312
-0.010863 0.000458
-0.010786 0.000925
-0.014775 0.005890
-0.012923 0.002069
-0.010908 0.004769
-0.012908 0.004017
-0.010938 0.003281
-0.011326 0.002709
-0.010759 0.001810
-0.013960 0.004033
-0.011899 0.002480
-0.012975 0.003558
-0.011539 0.001517
-0.011296 0.000588
-0.012551 0.002381
-0.011300 0.001984
-0.011132 0.003285
-0.010796 0.002796
-0.010755 0.000825
-0.010710 0.002343
-0.010261 0.001232
-0.011262 0.001879
-0.010312 0.001576
-0.011306 0.001866
-0.011238 0.001130
-0.011162 0.002180
-0.010783 0.002602
-0.011388 0.001830
-0.011688 0.003541
-0.011560 0.002424
-0.013839 0.004479
-0.011895 0.003479
-0.013748 0.001586
-0.010290 0.000414
-0.014121 0.005057
-0.011739 0.003807
-0.011099 0.002023
-0.011110 0.004022
-0.011481 0.002736
-0.010246 0.005254
-0.011662 0.002329
-0.011743 0.001445
-0.012323 0.003789
-0.013866 0.007136
-0.010667 0.001694
-0.011200 0.000936
-0.011210 0.000931
-0.011031 0.001822
-0.012304 0.002535
-0.012833 0.003708
-0.014125 0.004328
-0.010385 0.002096
-0.011805 0.003206
-0.012022 0.002099
-0.010209 0.022163
-0.013032 0.002771
-0.011237 0.001988
-0.012661 0.002975
-0.012267 0.003401
-0.012288 0.002561
-0.011770 0.003263
-0.012124 0.004576
-0.012746 0.003551
-0.014031 0.001156
-0.012057 0.003048
-0.011309 0.003504
-0.011110 0.003858
-0.010718 0.000989
-0.013197 0.005566
-0.011884 0.002869
-0.014449 0.006963
-0.010215 0.003141
-0.012764 0.002671
-0.012346 0.003433
-0.012813 0.001292
-0.011907 0.004227
-0.014438 0.003011
-0.011296 0.002269
-0.010532 0.002831
-0.010676 0.000813
-0.014440 0.005272
-0.012943 0.002775
-0.010223 0.003887
-0.011316 0.002542
-0.011274 0.002022
-0.012645 0.001135
-0.011129 0.018713
-0.014596 0.002432
-0.011147 0.002148
-0.013315 0.003291
-0.012631 0.001229
-0.012605 0.003366
-0.013716 0.003150
-0.013177 0.002264
-0.010576 0.000436
-0.011886 0.002260
-0.013017 0.003252
-0.011814 0.000526
-0.010224 0.002331
-0.013654 0.003612
-0.013739 0.004606
-0.011193 0.000949
-0.013246 0.001654
-0.013950 0.003559
-0.010803 0.003115
-0.012601 0.005516
-0.010310 0.001942
-0.013943 0.000734
-0.012837 0.008081
-0.012998 0.001813
-0.010286 0.001394
-0.014469 0.002431
-0.011266 0.001695
-0.011813 0.004345
-0.012096 0.002182
-0.012921 0.003351
-0.013038 0.004173
-0.012134 0.000380
-0.014279 0.003365
-0.014865 0.001666
-0.012827 0.003974
-0.016044 0.003703
-0.011243 0.000800
-0.011260 0.002337
-0.013338 0.003941
-0.012892 0.004607
-0.013874 0.000730
-0.011457 0.001006
-0.012071 0.004665
-0.014981 0.003051
-0.011578 0.000693
-0.012709 0.001739
-0.013627 0.003947
-0.011303 0.000701
-0.010665 0.000087
-0.013513 0.004120
-0.014809 0.001820
-0.012778 0.002869
-0.012741 0.004383
-0.013406 0.006675
-0.010657 0.003971
-0.010393 0.005522
-0.010220 0.004515
-0.013066 0.002037
-0.012591 0.003884
-0.012163 0.001081
-0.011669 0.003063
-0.012092 0.005369
-0.011895 0.001338
-0.010419 0.001370
-0.011046 0.001850
-0.011113 0.002490
-0.015411 0.003794
-0.010725 0.001356
-0.012218 0.005027
-0.012345 0.001275
-0.013297 0.004054
-0.012001 0.003489
-0.013245 0.002409
-0.013033 0.003657
-0.010642 0.002606
-0.010526 0.002205
-0.013127 0.001525
-0.013346 0.006553
-0.012445 0.005622
-0.010398 0.002137
-0.012275 0.003920
-0.013427 0.002734
-0.012725 0.006715
-0.014676 0.006950
-0.013648 0.002758
-0.013045 0.003968
-0.014007 0.006193
-0.014055 0.004008
-0.015519 0.002354
-0.012604 0.003470
-0.013172 0.003013
-0.013497 0.001688
-0.012621 0.002039
-0.010855 0.002542
-0.013154 0.002949
-0.015234 0.003571
-0.011042 0.003073
-0.012732 0.000526
-0.013328 0.000796
-0.013889 0.003125
-0.015155 0.004542
-0.010721 0.003587
-0.013746 0.002746
-0.012700 0.005499
-0.011030 0.003068
-0.013499 0.000898
-0.011028 0.005074
-0.013679 0.001864
-0.011951 0.002105
-0.012508 0.000685
-0.011445 0.001771
-0.010743 0.003872
-0.013714 0.003852
-0.015803 0.003259
-0.014865 0.003368
-0.013958 0.003251
-0.012405 0.003049
-0.012342 0.003920
-0.013979 0.002976
-0.013901 0.002790
-0.012430 0.002380
-0.012689 0.004178
-0.011112 0.002130
-0.015045 0.003805
-0.014383 0.004207
-0.011066 0.000862
-0.013849 0.002558
-0.014152 0.002500
-0.014525 0.002684
-0.012240 0.007258
-0.011148 0.003570
-0.013489 0.003322
-0.011143 0.002067
-0.011121 0.001080
-0.012506 0.001406
-0.012315 0.004515
-0.013192 0.005717
-0.012945 0.002972
-0.011267 0.000361
-0.012250 0.001227
-0.014818 0.006922
-0.011275 0.000482
-0.011841 0.003074
-0.011807 0.001471
-0.011121 0.000969
-0.015082 0.001015
-0.011227 0.000672
-0.014094 0.000419
-0.011554 0.002708
-0.014036 0.002373
-0.011036 0.002923
-0.016978 0.005627
-0.012692 0.002422
-0.013151 0.003762
-0.013795 0.005352
-0.012355 0.000687
-0.013096 0.004159
-0.012370 0.000950
-0.014152 0.004637
-0.014401 0.004414
-0.012306 0.001124
-0.011403 0.003092
-0.011907 0.003248
-0.011691 0.004487
-0.013097 0.005145
-0.014412 0.003771
-0.014635 0.002335
-0.012608 0.003047
-0.013720 0.004073
-0.014134 0.007721
-0.014094 0.001896
-0.012166 0.008264
-0.013026 0.003095
-0.012171 0.001327
-0.014979 0.004121
-0.012824 0.003752
-0.014565 0.002211
-0.013347 0.002685
-0.013624 0.002694
-0.012278 0.003495
-0.012435 0.004419
-0.013590 0.002601
-0.012911 0.003136
-0.015878 0.006234
-0.012273 0.003835
-0.013225 0.001823
-0.012989 0.000738
-0.013100 0.001275
-0.013790 0.002750
-0.012551 0.002607
-0.015476 0.003032
-0.014898 0.001514
-0.012668 0.002513
-0.014042 0.003086
-0.012503 0.004520
-0.015007 0.002427
-0.013218 0.002382
-0.014096 0.000325
-0.014510 0.002717
-0.014803 0.003115
-0.014852 0.003576
-0.012108 0.003021
-0.015098 0.002539
-0.011973 0.002469
-0.014161 0.004385
-0.014930 0.002353
-0.016245 0.000979
-0.012383 0.003314
-0.013584 0.001136
-0.014216 0.002023
-0.013889 0.002593
-0.012706 0.005329
-0.013358 0.003595
-0.014970 0.003252
-0.014564 0.001895
-0.013798 0.005288
-0.014423 0.002868
-0.013674 0.003994
-0.011817 0.003973
-0.014290 0.002128
-0.015320 0.001400
-0.015267 0.001275
-0.013876 0.002267
-0.016278 0.006251
-0.012631 0.002656
-0.016951 0.007877
-0.012279 0.004179
-0.013188 0.003513
-0.015147 0.005895
-0.014521 0.002692
-0.014332 0.003568
-0.015725 0.003583
-0.015888 0.001836
-0.012710 0.001917
-0.017009 0.006238
-0.015387 0.003774
-0.012072 0.001615
-0.015398 0.002525
-0.013217 0.001622
-0.012546 0.003967
-0.015005 0.003384
-0.012883 0.002752
-0.012659 0.003930
-0.016301 0.004709
-0.013651 0.001155
-0.016204 0.002334
-0.013677 0.002667
-0.013645 0.003839
-0.013391 0.004695
-0.015184 0.003966
-0.011970 0.002028
-0.015342 0.000565
-0.012082 0.003317
-0.016596 0.003424
-0.013584 0.002329
-0.012012 0.001686
-0.018261 0.008455
-0.014138 0.004729
-0.015683 0.003109
-0.016012 0.003491
-0.013339 0.001472
-0.012864 0.001774
-0.011959 0.025527
-0.014225 0.003951
-0.013550 0.003392
-0.012450 0.003721
-0.012770 0.001811
-0.011984 0.004299
-0.014468 0.002704
-0.012098 0.001500
-0.014913 0.002250
-0.013188 0.003214
-0.014383 0.005652
-0.012287 0.003780
-0.015154 0.004228
-0.017079 0.002150
-0.016683 0.003351
-0.016021 0.004225
-0.012804 0.002601
-0.016459 0.001351
-0.013438 0.002980
-0.012312 0.002203
-0.013643 0.003690
-0.015162 0.005148
-0.012744 0.003723
-0.013176 0.003365
-0.012784 0.004637
-0.013525 0.001798
-0.013679 0.002190
-0.016578 0.008969
-0.015209 0.004669
-0.014139 0.002273
-0.013670 0.001302
-0.012711 0.003347
-0.016596 0.002945
-0.015227 0.001385
-0.014779 0.001469
-0.018459 0.006548
-0.015381 0.003915
-0.012467 0.003693
-0.014891 0.006587
-0.012237 0.002857
-0.018323 0.003959
-0.013419 0.003290
-0.013378 0.004339
-0.012967 0.001823
-0.016434 0.004111
-0.013320 0.007739
-0.018265 0.009649
-0.014016 0.008109
-0.015433 0.000663
-0.012772 0.001025
-0.015620 0.007034
-0.012999 0.002047
-0.012900 0.000892
-0.018601 0.004007
-0.013969 0.004248
-0.014155 0.004084
-0.013407 0.003068
-0.012613 0.003863
-0.013067 0.003241
-0.017123 0.005486
-0.016256 0.003250
-0.016146 0.003047
-0.012920 0.005478
-0.014604 0.003133
-0.012260 0.006770
-0.018001 0.002388
-0.013511 0.004695
-0.013584 0.000548
-0.017061 0.006397
-0.012460 0.002881
-0.013110 0.003657
-0.013047 0.002413
-0.013077 0.003217
-0.019103 0.001881
-0.013405 0.003877
-0.015895 0.005138
-0.016033 0.001430
-0.017159 0.004728
-0.018224 0.003630
-0.013338 0.001689
-0.013483 0.001623
-0.013792 0.001609
-0.013691 0.001704
-0.013722 0.004400
-0.014876 0.004205
-0.013502 0.000327
-0.015279 0.000880
-0.013732 0.002675
-0.013817 0.001616
-0.015202 0.004628
-0.013776 0.002103
-0.014117 0.003466
-0.016511 0.007232
-0.016117 0.005881
-0.019551 0.005685
-0.014019 0.002359
-0.013581 0.004708
-0.014165 0.002718
-0.016919 0.006337
-0.012582 0.002047
-0.012404 0.003714
-0.014198 0.001629
-0.013092 0.002620
-0.017808 0.006096
-0.017484 0.002947
-0.016988 0.004190
-0.015017 0.001469
-0.013866 0.001495
-0.014653 0.002479
-0.012638 0.001767
-0.017215 0.001362
-0.017046 0.003489
-0.013539 0.008993
-0.013772 0.001657
-0.018972 0.002709
-0.013451 0.003430
-0.013962 0.003511
-0.017024 0.005036
-0.017055 0.001118
-0.013611 0.002609
-0.018224 0.004661
-0.012755 0.002857
-0.017869 0.004758
-0.018030 0.003026
-0.014282 0.005903
-0.017065 0.001290
-0.020787 0.007257
-0.013673 0.004666
-0.017704 0.006645
-0.015534 0.003356
-0.015982 0.006251
-0.017441 0.003460
-0.013576 0.003273
-0.020805 0.005718
-0.014391 0.002362
-0.013545 0.006369
-0.017210 0.003743
-0.014605 0.003918
-0.013099 0.002055
-0.015779 0.003501
-0.018832 0.004888
-0.013879 0.002713
-0.014648 0.002970
-0.014307 0.004728
-0.015220 0.004577
-0.014968 0.002673
-0.018528 0.000927
-0.016578 0.002943
-0.013189 0.001927
-0.015989 0.001972
-0.013432 0.005523
-0.018395 0.007017
-0.017720 0.002653
-0.018918 0.004786
-0.018228 0.005741
-0.014220 0.003587
-0.014668 0.000608
-0.014552 0.004350
-0.016423 0.001534
-0.013964 0.005073
-0.013889 0.004798
-0.013855 0.002150
-0.018002 0.002739
-0.017970 0.002298
-0.013956 0.001810
-0.016557 0.004444
-0.016704 0.006918
-0.019970 0.004458
-0.014390 0.001125
-0.015181 0.004575
-0.013254 0.001282
-0.013259 0.004056
-0.018903 0.007827
-0.014604 0.002183
-0.018073 0.006286
-0.020920 0.009173
-0.013885 0.006255
-0.014374 0.005037
-0.015184 0.003045
-0.014615 0.001112
-0.014766 0.004837
-0.014088 0.000864
-0.014501 0.006017
-0.019350 0.004954
-0.014217 0.004739
-0.014202 0.003013
-0.018485 0.003757
-0.013357 0.001851
-0.013805 0.004316
-0.015836 0.004644
-0.015859 0.006607
-0.015235 0.002493
-0.013928 0.000592
-0.018096 0.002421
-0.014792 0.003029
-0.017826 0.003102
-0.014189 0.003742
-0.018715 0.002108
-0.013912 0.000394
-0.016414 0.006855
-0.015048 0.003558
-0.017203 0.004356
-0.014435 0.003682
-0.013725 0.001596
-0.014522 0.001104
-0.017701 0.004712
-0.014507 0.003770
-0.019216 0.006670
-0.019825 0.006705
-0.014238 0.002837
-0.015348 0.003881
-0.017752 0.002375
-0.021259 0.006910
-0.013894 0.004645
-0.016727 0.008382
-0.014207 0.001846
-0.015892 0.005154
-0.014625 0.001888
-0.013698 0.003249
-0.019584 0.005055
-0.016306 0.002104
-0.014816 0.001840
-0.015093 0.004215
-0.015929 0.001385
-0.022663 0.007960
-0.016017 0.006040
-0.017014 0.002180
-0.015005 0.002058
-0.015274 0.007385
-0.020976 0.005868
-0.014801 0.004050
-0.018287 0.005177
-0.014426 0.002320
-0.019494 0.003912
-0.015849 0.002208
-0.020704 0.003542
-0.014597 0.004887
-0.016060 0.003255
-0.017652 0.005924
-0.019451 0.003694
-0.014841 0.001097
-0.014926 0.002910
-0.017464 0.006674
-0.015421 0.005483
-0.014703 0.004764
-0.019674 0.002985
-0.019705 0.003558
-0.016338 0.001825
-0.016055 0.001877
-0.016284 0.004494
-0.015884 0.003746
-0.015407 0.004509
-0.015693 0.001598
-0.017931 0.003797
-0.019800 0.004471
-0.015529 0.001908
-0.015430 0.002640
-0.019353 0.003854
-0.014966 0.000641
-0.014921 0.004346
-0.022243 0.002519
-0.015764 0.002501
-0.020759 0.007062
-0.018741 0.002533
-0.018303 0.003799
-0.016947 0.006311
-0.015337 0.003869
-0.015665 0.006826
-0.021798 0.003506
-0.016690 0.002073
-0.020228 0.003861
-0.019384 0.003124
-0.015901 0.004550
-0.013086 0.222656
-0.021335 0.008386
-0.022705 0.007074
-0.019688 0.004368
-0.016690 0.003881
-0.013198 0.003496
-0.015756 0.003625
-0.019306 0.006920
-0.013253 0.001647
-0.022035 0.004235
-0.016778 0.000850
-0.015088 0.006267
-0.013426 0.004886
-0.017141 0.007007
-0.014160 0.004490
-0.014039 0.003508
-0.016949 0.005363
-0.017398 0.006271
-0.013229 0.002629
-0.019438 0.004256
-0.013218 0.004083
-0.013393 0.003584
-0.015952 0.006209
-0.019672 0.005022
-0.016160 0.006461
-0.013554 0.000481
-0.015058 0.002137
-0.017785 0.005605
-0.014247 0.002310
-0.020127 0.007374
-0.021062 0.006468
-0.014409 0.001602
-0.014260 0.006179
-0.013804 0.004630
-0.014528 0.003799
-0.013544 0.003370
-0.014419 0.001212
-0.013388 0.003513
-0.014269 0.001434
-0.013928 0.002801
-0.013660 0.002359
-0.022106 0.008376
-0.014909 0.005572
-0.013581 0.000600
-0.016660 0.004523
-0.017210 0.004063
-0.013936 0.002040
-0.013687 0.001483
-0.013581 0.003595
-0.016550 0.003161
-0.014521 0.002771
-0.014063 0.005641
-0.017058 0.005275
-0.015131 0.000519
-0.018943 0.002409
-0.014054 0.005186
-0.014308 0.004648
-0.024096 0.006674
-0.014067 0.002113
-0.014292 0.004357
-0.014165 0.002054
-0.013859 0.007115
-0.014265 0.004212
-0.019889 0.003575
-0.015332 0.004591
-0.015360 0.007350
-0.023274 0.001425
-0.014562 0.003215
-0.016716 0.005131
-0.016743 0.000443
-0.014353 0.002669
-0.020452 0.003389
-0.018227 0.002364
-0.023692 0.007626
-0.016688 0.005386
-0.018017 0.002597
-0.014664 0.003792
-0.015486 0.007586
-0.015256 0.006028
-0.014636 0.002456
-0.022374 0.005443
-0.013916 0.002209
-0.014075 0.004196
-0.020749 0.005273
-0.014909 0.003848
-0.015582 0.001648
-0.014870 0.001001
-0.016319 0.007382
-0.021734 0.007717
-0.015805 0.004481
-0.016159 0.007026
-0.020956 0.006449
-0.019867 0.004585
-0.015968 0.004929
-0.015570 0.001791
-0.015004 0.006136
-0.014857 0.004002
-0.014584 0.003010
-0.014634 0.003439
-0.017915 0.007682
-0.014600 0.002486
-0.015010 0.002105
-0.020544 0.001799
-0.018893 0.003146
-0.017456 0.004376
-0.018167 0.008922
-0.021685 0.010641
-0.018732 0.003516
-0.021393 0.003962
-0.017730 0.003563
-0.015766 0.003098
-0.015622 0.000280
-0.015271 0.002035
-0.014829 0.003199
-0.022042 0.004631
-0.014622 0.003065
-0.022667 0.003634
-0.016046 0.002318
-0.019080 0.005737
-0.021755 0.005654
-0.015108 0.006167
-0.016025 0.002404
-0.016531 0.003198
-0.014957 0.005802
-0.014634 0.002115
-0.016564 0.006922
-0.019629 0.005541
-0.021786 0.002930
-0.018843 0.000320
-0.015832 0.003501
-0.024713 0.006848
-0.019920 0.002322
-0.014453 0.005859
-0.019092 0.003803
-0.016447 0.004840
-0.015638 0.002814
-0.022056 0.001821
-0.015413 0.002177
-0.016018 0.002930
-0.016901 0.006596
-0.016365 0.004054
-0.016176 0.002082
-0.016238 0.007200
-0.015334 0.005350
-0.019215 0.007276
-0.016760 0.003022
-0.018255 0.007672
-0.020701 0.005586
-0.016286 0.004799
-0.016956 0.001390
-0.014813 0.003142
-0.022033 0.006181
-0.021271 0.005480
-0.017173 0.001681
-0.016375 0.001339
-0.015863 0.005136
-0.023526 0.001569
-0.016653 0.005465
-0.019601 0.003926
-0.016758 0.003709
-0.015028 0.004826
-0.017132 0.010658
-0.015351 0.005674
-0.017442 0.005810
-0.016478 0.003023
-0.018846 0.005156
-0.016658 0.006781
-0.022039 0.005169
-0.017019 0.002589
-0.021878 0.003916
-0.017340 0.001192
-0.015329 0.006695
-0.015390 0.004513
-0.016544 0.006022
-0.025924 0.006486
-0.024238 0.007848
-0.017769 0.004727
-0.019536 0.004919
-0.017189 0.004209
-0.016563 0.001267
-0.016267 0.003513
-0.016700 0.002146
-0.017945 0.006894
-0.016053 0.005204
-0.015957 0.003489
-0.017291 0.002487
-0.015552 0.005374
-0.015683 0.007119
-0.019248 0.003496
-0.022595 0.004873
-0.023235 0.005216
-0.019860 0.000668
-0.022522 0.004775
-0.018631 0.005619
-0.016766 0.005218
-0.018469 0.005250
-0.019657 0.002804
-0.023509 0.008682
-0.018731 0.010033
-0.016623 0.002709
-0.017145 0.003561
-0.019174 0.012459
-0.015567 0.003158
-0.019826 0.002323
-0.015398 0.004562
-0.016861 0.003364
-0.018063 0.006035
-0.015862 0.003744
-0.015639 0.001183
-0.018191 0.003841
-0.018043 0.002212
-0.015606 0.002963
-0.018996 0.004299
-0.017693 0.005819
-0.025743 0.006116
-0.018284 0.006098
-0.015774 0.003438
-0.018481 0.001160
-0.017726 0.006205
-0.017182 0.002216
-0.016406 0.003524
-0.017038 0.005675
-0.019203 0.004559
-0.015670 0.002693
-0.019342 0.003508
-0.017238 0.007818
-0.016466 0.004971
-0.017251 0.005188
-0.019462 0.003004
-0.023994 0.004395
-0.019211 0.004978
-0.020768 0.002767
-0.020960 0.010515
-0.016217 0.004179
-0.015565 0.002148
-0.016553 0.005168
-0.015561 0.004865
-0.015790 0.002278
-0.016764 0.002659
-0.017879 0.006219
-0.017016 0.002525
-0.017123 0.000320
-0.016202 0.003775
-0.027029 0.005385
-0.016865 0.004074
-0.017384 0.002062
-0.020223 0.001423
-0.020039 0.006903
-0.018366 0.000967
-0.019672 0.002030
-0.018278 0.003865
-0.026138 0.009940
-0.017573 0.000798
-0.020276 0.008114
-0.018536 0.006943
-0.018852 0.001448
-0.017942 0.008067
-0.015997 0.003147
-0.016471 0.005646
-0.016475 0.003666
-0.018367 0.006357
-0.023815 0.009832
-0.016260 0.004243
-0.021436 0.003761
-0.020191 0.007601
-0.017733 0.005780
-0.017005 0.001444
-0.017138 0.003550
-0.019558 0.003678
-0.018815 0.004803
-0.024164 0.009176
-0.019639 0.006891
-0.017395 0.002784
-0.017340 0.003482
-0.020137 0.003595
-0.019450 0.002578
-0.018082 0.006737
-0.017175 0.000656
-0.017761 0.003776
-0.020447 0.004359
-0.017652 0.001980
-0.019673 0.007183
-0.022925 0.006047
-0.016914 0.001924
-0.020827 0.004966
-0.017840 0.007453
-0.018747 0.004685
-0.018912 0.011506
-0.019370 0.003584
-0.016560 0.003242
-0.018989 0.000409
-0.018307 0.006121
-0.021018 0.002120
-0.020926 0.004489
-0.018719 0.001221
-0.018893 0.000981
-0.018368 0.007445
-0.016694 0.004575
-0.018736 0.002188
-0.021490 0.003162
-0.017518 0.001362
-0.022628 0.002272
-0.017607 0.004765
-0.017909 0.003193
-0.019158 0.001076
-0.018603 0.004456
-0.017486 0.002237
-0.020678 0.003290
-0.017904 0.006018
-0.023277 0.002990
-0.020492 0.005486
-0.024501 0.005509
-0.016697 0.003408
-0.018185 0.002096
-0.017547 0.005678
-0.022231 0.004899
-0.016327 0.002192
-0.021311 0.005439
-0.018383 0.001953
-0.024662 0.002598
-0.024282 0.003501
-0.018971 0.000829
-0.019250 0.006007
-0.017582 0.002500
-0.020507 0.005321
-0.018225 0.004607
-0.022704 0.006502
-0.017739 0.006783
-0.020698 0.004622
-0.017206 0.011269
-0.019333 0.004880
-0.017390 0.002799
-0.020464 0.003714
-0.022971 0.005324
-0.019603 0.001266
-0.021417 0.003203
-0.020857 0.008575
-0.018651 0.005094
-0.027626 0.007625
-0.022149 0.007730
-0.020319 0.005466
-0.022195 0.007951
-0.025340 0.007800
-0.017328 0.001932
-0.022131 0.004592
-0.020217 0.009670
-0.022355 0.002164
-0.019869 0.002685
-0.020455 0.003046
-0.017502 0.002589
-0.020422 0.004971
-0.020544 0.001090
-0.020380 0.004574
-0.020034 0.006755
-0.017673 0.002995
-0.021396 0.002188
-0.017529 0.007073
-0.017656 0.008489
-0.017516 0.004026
-0.018831 0.003813
-0.019909 0.003786
-0.021660 0.007072
-0.019275 0.004389
-0.019251 0.005195
-0.018043 0.005766
-0.017248 0.003250
-0.019025 0.004712
-0.022884 0.001958
-0.016950 0.005804
-0.018218 0.001155
-0.017422 0.015142
-0.018212 0.003858
-0.018788 0.005736
-0.017213 0.004487
-0.018316 0.001774
-0.017498 0.004128
-0.016979 0.000486
-0.018902 0.002336
-0.017511 0.001797
-0.026779 0.008289
-0.017813 0.004128
-0.017932 0.006600
-0.018633 0.007356
-0.022428 0.003919
-0.019331 0.001701
-0.018627 0.002287
-0.017425 0.001021
-0.020715 0.003010
-0.018563 0.006547
-0.019075 0.003361
-0.019717 0.004502
-0.016677 0.001473
-0.018057 0.004663
-0.017871 0.002814
-0.022774 0.005937
-0.018439 0.005254
-0.017840 0.009505
-0.019112 0.001836
-0.018944 0.004874
-0.018735 0.002162
-0.019010 0.001994
-0.021096 0.006316
-0.019228 0.002855
-0.018260 0.002687
-0.021985 0.008079
-0.024405 0.008362
-0.027659 0.008446
-0.017377 0.009269
-0.017959 0.001713
-0.016671 0.230379
-0.017597 0.002810
-0.020638 0.005875
-0.018913 0.003241
-0.019462 0.006205
-0.018937 0.001929
-0.017860 0.002522
-0.017457 0.004165
-0.017995 0.006368
-0.018341 0.006138
-0.016953 0.006375
-0.016729 0.002587
-0.017244 0.005670
-0.023260 0.004625
-0.021715 0.002839
-0.018896 0.002940
-0.019399 0.001662
-0.019562 0.006607
-0.018192 0.006941
-0.018293 0.003130
-0.018889 0.005097
-0.020761 0.005503
-0.021751 0.001718
-0.018313 0.002920
-0.018037 0.001035
-0.018346 0.003882
-0.017871 0.004661
-0.018984 0.004477
-0.019073 0.003814
-0.021676 0.004602
-0.019384 0.003258
-0.018443 0.000726
-0.020635 0.008434
-0.017932 0.002086
-0.023317 0.012905
-0.020453 0.000956
-0.018553 0.005313
-0.019246 0.004412
-0.020657 0.006733
-0.021209 0.004845
-0.021657 0.004169
-0.020190 0.004152
-0.018114 0.002295
-0.022848 0.008173
-0.017199 0.002934
-0.018243 0.004565
-0.019951 0.008253
-0.018569 0.001050
-0.026340 0.007354
-0.021287 0.003576
-0.018985 0.002839
-0.018753 0.008200
-0.018972 0.003666
-0.020048 0.004866
-0.021110 0.003102
-0.018520 0.005659
-0.018704 0.004473
-0.019292 0.006799
-0.024777 0.010337
-0.020480 0.003754
-0.018897 0.002810
-0.018272 0.005795
-0.017745 0.004015
-0.019744 0.006351
-0.020611 0.008485
-0.021868 0.004379
-0.017443 0.003711
-0.017862 0.005207
-0.019011 0.001607
-0.022795 0.002242
-0.018107 0.006143
-0.019049 0.005114
-0.017485 0.005293
-0.021389 0.006549
-0.018686 0.005093
-0.024824 0.005576
-0.022914 0.004074
-0.019925 0.006299
-0.018828 0.001041
-0.018289 0.005993
-0.021273 0.004683
-0.018778 0.001824
-0.022142 0.010396
-0.021864 0.005840
-0.020290 0.003775
-0.018921 0.003796
-0.021880 0.005657
-0.019002 0.008689
-0.022630 0.005023
-0.019746 0.001551
-0.019437 0.004467
-0.027555 0.009894
-0.017911 0.001340
-0.020303 0.006047
-0.020183 0.005568
-0.020202 0.007845
-0.021843 0.005196
-0.019040 0.002085
-0.019437 0.006257
-0.021674 0.005401
-0.019918 0.003827
-0.020231 0.006127
-0.020004 0.006717
-0.020888 0.000970
-0.022548 0.005973
-0.022816 0.002224
-0.028402 0.005133
-0.017845 0.003343
-0.021495 0.004984
-0.020247 0.004833
-0.020331 0.003519
-0.017835 0.003041
-0.017895 0.004231
-0.022919 0.001999
-0.022635 0.003387
-0.018993 0.006310
-0.019398 0.006264
-0.022155 0.005762
-0.022056 0.006090
-0.028943 0.008157
-0.022482 0.003520
-0.020410 0.003339
-0.030010 0.005947
-0.021472 0.006367
-0.027767 0.007753
-0.020504 0.003205
-0.022168 0.005903
-0.017809 0.004769
-0.019622 0.002930
-0.020787 0.001548
-0.018991 0.005027
-0.020563 0.001063
-0.020324 0.005769
-0.020826 0.004086
-0.021455 0.007835
-0.020809 0.003136
-0.019969 0.008805
-0.021297 0.009704
-0.021943 0.003441
-0.023380 0.005894
-0.021829 0.002527
-0.027489 0.012171
-0.019088 0.001161
-0.027311 0.007951
-0.021942 0.003207
-0.021819 0.005154
-0.021239 0.008490
-0.020736 0.002048
-0.023641 0.005270
-0.028367 0.006187
-0.022374 0.002412
-0.019861 0.001280
-0.020029 0.003491
-0.021782 0.004708
-0.023265 0.005571
-0.019530 0.002234
-0.023229 0.002447
-0.022997 0.008564
-0.020337 0.004441
-0.022175 0.007320
-0.020072 0.008517
-0.020686 0.002962
-0.022566 0.005848
-0.022775 0.006197
-0.021204 0.003195
-0.021734 0.004275
-0.022487 0.006752
-0.029914 0.011461
-0.019083 0.004111
-0.022244 0.003177
-0.024189 0.009695
-0.020205 0.004655
-0.023190 0.010840
-0.018207 0.003489
-0.022631 0.006342
-0.019682 0.006147
-0.020845 0.007430
-0.023657 0.003643
-0.021472 0.006538
-0.019680 0.004856
-0.025574 0.005927
-0.027741 0.002987
-0.023689 0.001853
-0.022480 0.002667
-0.021728 0.000729
-0.023799 0.008411
-0.020013 0.008124
-0.022139 0.003143
-0.022461 0.009171
-0.022947 0.002484
-0.021257 0.003286
-0.023203 0.002912
-0.025528 0.007890
-0.021520 0.005686
-0.025537 0.006587
-0.019893 0.004757
-0.028207 0.012330
-0.020668 0.002838
-0.020305 0.003949
-0.019324 0.001204
-0.018544 0.003270
-0.022426 0.003668
-0.023070 0.003698
-0.021820 0.008288
-0.025735 0.005404
-0.024270 0.003188
-0.021243 0.005201
-0.022677 0.004374
-0.020940 0.006697
-0.022877 0.001286
-0.023033 0.007110
-0.021622 0.004290
-0.018736 0.001491
-0.022954 0.006770
-0.022346 0.007085
-0.018054 0.003661
-0.023488 0.005648
-0.018816 0.001933
-0.019391 0.007844
-0.022811 0.001933
-0.022606 0.010540
-0.022058 0.006770
-0.020980 0.005221
-0.023132 0.002860
-0.021518 0.007434
-0.019830 0.006540
-0.023983 0.008389
-0.023226 0.008725
-0.022361 0.005711
-0.021261 0.007398
-0.020734 0.004173
-0.022638 0.001595
-0.022190 0.002872
-0.018695 0.006908
-0.021895 0.008850
-0.020236 0.007496
-0.021786 0.008060
-0.018592 0.002603
-0.019004 0.009980
-0.022932 0.003021
-0.019584 0.008948
-0.023841 0.004269
-0.020822 0.004454
-0.022663 0.005925
-0.029216 0.009398
-0.021000 0.001479
-0.020474 0.003644
-0.023142 0.008516
-0.018779 0.001202
-0.024957 0.004407
-0.019370 0.004049
-0.019171 0.007192
-0.021615 0.003397
-0.019055 0.000837
-0.022108 0.008911
-0.020949 0.010374
-0.020390 0.004142
-0.021861 0.002805
-0.022844 0.004226
-0.025020 0.001415
-0.024108 0.006873
-0.019208 0.009626
-0.019462 0.006249
-0.021022 0.010957
-0.022607 0.006354
-0.026205 0.003153
-0.020479 0.002768
-0.021814 0.011367
-0.025699 0.009807
-0.022454 0.010844
-0.022225 0.001745
-0.019070 0.004569
-0.021333 0.004907
-0.019807 0.002731
-0.025301 0.008388
-0.023532 0.003998
-0.023897 0.003571
-0.017659 0.002861
-0.023218 0.008706
-0.023301 0.003982
-0.025343 0.004906
-0.023989 0.004212
-0.024332 0.007978
-0.024055 0.003471
-0.018854 0.013039
-0.019630 0.002728
-0.019776 0.009691
-0.019463 0.001071
-0.024402 0.003787
-0.024458 0.008631
-0.018429 0.004279
-0.017872 0.001906
-0.018062 0.002635
-0.022562 0.007003
-0.023392 0.003478
-0.022618 0.003473
-0.022219 0.007885
-0.023961 0.008318
-0.019054 0.008707
-0.021954 0.004012
-0.022447 0.005411
-0.021653 0.001256
-0.018862 0.006497
-0.023352 0.005229
-0.023882 0.006851
-0.017681 0.004957
-0.024426 0.007297
-0.019413 0.002115
-0.027987 0.009510
-0.018022 0.001339
-0.019190 0.003882
-0.020725 0.005902
-0.022496 0.004452
-0.021543 0.005585
-0.018869 0.006127
-0.023074 0.010350
-0.021080 0.003354
-0.019231 0.004655
-0.018676 0.005735
-0.022196 0.006151
-0.020797 0.007796
-0.019809 0.001780
-0.020270 0.005190
-0.018236 0.001330
-0.022314 0.004902
-0.022963 0.005817
-0.025855 0.011025
-0.021762 0.003879
-0.018818 0.004461
-0.023631 0.003163
-0.026804 0.008137
-0.024326 0.004965
-0.019296 0.007150
-0.024714 0.009006
-0.019728 0.005697
-0.019014 0.004548
-0.020147 0.002513
-0.017977 0.003299
-0.019224 0.001735
-0.021908 0.014206
-0.020758 0.004085
-0.023527 0.010205
-0.020806 0.004297
-0.018337 0.001865
-0.018806 0.067638
-0.018652 0.004140
-0.024838 0.008179
-0.017890 0.005992
-0.023670 0.005700
-0.019628 0.003883
-0.019584 0.005442
-0.019270 0.003205
-0.019784 0.000629
-0.026140 0.003499
-0.019472 0.001969
-0.020347 0.003149
-0.024796 0.003227
-0.032241 0.011948
-0.022051 0.004911
-0.024690 0.006709
-0.019661 0.001314
-0.023251 0.007525
-0.020509 0.004474
-0.021964 0.037298
-0.020137 0.003124
-0.023457 0.004750
-0.026106 0.006309
-0.029916 0.004813
-0.019183 0.000617
-0.023867 0.007546
-0.021371 0.005357
-0.019891 0.003332
-0.022363 0.007114
-0.019542 0.001891
-0.019137 0.007052
-0.018661 0.002814
-0.021067 0.004365
-0.019297 0.004074
-0.019976 0.003582
-0.025097 0.004997
-0.017618 0.003449
-0.017471 0.251722
-0.023289 0.005473
-0.018934 0.003863
-0.022233 0.000405
-0.020656 0.003323
-0.022117 0.003271
-0.022074 0.004629
-0.024121 0.009849
-0.019760 0.003323
-0.027186 0.009811
-0.022069 0.004806
-0.022709 0.008811
-0.021346 0.009988
-0.022837 0.006423
-0.028826 0.004621
-0.022326 0.005542
-0.022229 0.006576
-0.020249 0.001899
-0.022956 0.007969
-0.025453 0.003784
-0.021553 0.004694
-0.020037 0.010386
-0.022001 0.007632
-0.023065 0.002410
-0.018613 0.314193
-0.024586 0.005897
-0.023173 0.005753
-0.021020 0.002615
-0.024081 0.005453
-0.022688 0.004535
-0.022050 0.002979
-0.019477 0.007594
-0.017754 0.001005
-0.025630 0.003983
-0.022780 0.000543
-0.020010 0.004407
-0.024547 0.004562
-0.022823 0.002013
-0.019226 0.006292
-0.021935 0.002558
-0.025835 0.006309
-0.022915 0.012135
-0.023224 0.005722
-0.022966 0.001890
-0.028845 0.007690
-0.022529 0.007106
-0.022138 0.005035
-0.018686 0.002577
-0.020265 0.005558
-0.022785 0.005681
-0.024245 0.005480
-0.025239 0.009969
-0.022686 0.005877
-0.022989 0.001752
-0.020912 0.003768
-0.023357 0.004523
-0.022637 0.006022
-0.022785 0.007139
-0.023639 0.009498
-0.022961 0.006370
-0.019175 0.003861
-0.018843 0.004130
-0.023166 0.008309
-0.022952 0.003519
-0.025385 0.005198
-0.019817 0.003390
-0.025858 0.004442
-0.025225 0.008792
-0.023689 0.004890
-0.019871 0.003693
-0.023428 0.002140
-0.028899 0.005762
-0.027550 0.006388
-0.022446 0.001184
-0.019672 0.005977
-0.025084 0.003254
-0.028672 0.005070
-0.022644 0.005461
-0.019263 0.002055
-0.019607 0.001186
-0.025077 0.002183
-0.024524 0.007788
-0.022249 0.007293
-0.022191 0.005967
-0.029967 0.006100
-0.021399 0.001989
-0.021508 0.003861
-0.023794 0.008144
-0.025394 0.004643
-0.026821 0.006879
-0.021657 0.006656
-0.023881 0.005180
-0.020890 0.004772
-0.023601 0.002502
-0.019459 0.002593
-0.024531 0.005861
-0.019260 0.003482
-0.027891 0.008300
-0.027192 0.004184
-0.027007 0.003070
-0.024705 0.010956
-0.020308 0.001768
-0.019799 0.002304
-0.026460 0.008288
-0.022414 0.000435
-0.019016 0.002105
-0.028363 0.005923
-0.026258 0.000814
-0.021512 0.006292
-0.027551 0.004437
-0.020913 0.001015
-0.019481 0.003250
-0.025605 0.010651
-0.023819 0.005144
-0.019346 0.003293
-0.020542 0.000663
-0.020314 0.003936
-0.022413 0.015605
-0.025060 0.003931
-0.020263 0.005278
-0.019966 0.003112
-0.026047 0.007314
-0.019310 0.005083
-0.023875 0.010559
-0.019250 0.007385
-0.030664 0.010142
-0.020861 0.007882
-0.028007 0.006726
-0.019624 0.001374
-0.024058 0.005661
-0.024454 0.006877
-0.025051 0.005946
-0.023647 0.005712
-0.022900 0.007437
-0.026532 0.008106
-0.023599 0.006060
-0.028393 0.012317
-0.020702 0.007449
-0.020897 0.002927
-0.023855 0.006535
-0.019516 0.002730
-0.026153 0.011185
-0.022898 0.002967
-0.022632 0.010305
-0.021171 0.001085
-0.024439 0.003487
-0.025068 0.004604
-0.026615 0.002156
-0.020315 0.008273
-0.024677 0.005912
-0.021608 0.006758
-0.022453 0.004271
-0.024770 0.006123
-0.022218 0.006445
-0.027263 0.003904
-0.027739 0.001485
-0.031941 0.003513
-0.025624 0.007239
-0.024031 0.008864
-0.024563 0.001998
-0.027335 0.010861
-0.025587 0.007527
-0.020708 0.004152
-0.022109 0.006381
-0.021807 0.002322
-0.025228 0.003430
-0.020947 0.009096
-0.023877 0.006246
-0.021622 0.005857
-0.031053 0.013769
-0.024467 0.003287
-0.025146 0.007660
-0.021895 0.010811
-0.026498 0.010354
-0.021791 0.000844
-0.023427 0.009289
-0.023214 0.006666
-0.022117 0.005772
-0.027734 0.008148
-0.024705 0.008646
-0.024685 0.002618
-0.022186 0.005839
-0.025091 0.006193
-0.021340 0.009047
-0.024947 0.002351
-0.021745 0.002283
-0.023936 0.002716
-0.021669 0.006603
-0.022631 0.003380
-0.022695 0.006142
-0.030837 0.006777
-0.024878 0.001478
-0.023454 0.000816
-0.021961 0.004553
-0.028967 0.006550
-0.023542 0.005019
-0.024162 0.000774
-0.024367 0.009121
-0.022375 0.001533
-0.022598 0.004072
-0.026827 0.010844
-0.026180 0.006050
-0.020660 0.003194
-0.022912 0.006535
-0.028574 0.002779
-0.025642 0.007337
-0.025041 0.003381
-0.024094 0.003907
-0.021612 0.006981
-0.024899 0.004977
-0.026216 0.005885
-0.022571 0.010894
-0.023862 0.006292
-0.021316 0.004854
-0.026690 0.006722
-0.024763 0.003668
-0.024814 0.007226
-0.022818 0.005567
-0.022667 0.007433
-0.024815 0.002664
-0.023810 0.003261
-0.023491 0.005405
-0.024112 0.005160
-0.027574 0.007709
-0.024395 0.006459
-0.025567 0.010418
-0.026978 0.007904
-0.025481 0.003428
-0.026992 0.004698
-0.021955 0.002194
-0.025595 0.011609
-0.023656 0.004059
-0.028226 0.012190
-0.026840 0.011114
-0.027017 0.007511
-0.022899 0.005778
-0.022822 0.003784
-0.026033 0.013978
-0.023876 0.000783
-0.025241 0.004070
-0.022649 0.006986
-0.025409 0.009376
-0.024389 0.007592
-0.024597 0.007750
-0.023946 0.005410
-0.023382 0.004883
-0.022860 0.009743
-0.024472 0.008130
-0.021954 0.004592
-0.021989 0.007211
-0.024280 0.003370
-0.022747 0.006075
-0.024685 0.002463
-0.024606 0.006664
-0.023524 0.005237
-0.030231 0.006149
-0.022707 0.003551
-0.026067 0.003876
-0.027305 0.002669
-0.023083 0.001802
-0.023306 0.009600
-0.025116 0.004587
-0.024349 0.003781
-0.026750 0.009016
-0.025040 0.007392
-0.028808 0.008374
-0.022161 0.000688
-0.023542 0.002856
-0.026187 0.011105
-0.023722 0.003097
-0.022737 0.010245
-0.025737 0.006170
-0.022756 0.000899
-0.023807 0.005504
-0.027600 0.004735
-0.024904 0.008232
-0.022261 0.002243
-0.020971 0.008963
-0.028830 0.007874
-0.026694 0.007514
-0.025017 0.005309
-0.028971 0.005760
-0.021895 0.009799
-0.027436 0.002838
-0.023005 0.004495
-0.025307 0.002487
-0.023755 0.004625
-0.022090 0.002172
-0.027187 0.006921
-0.026067 0.011447
-0.024987 0.003809
-0.021497 0.004619
-0.025616 0.008113
-0.023188 0.006680
-0.025257 0.003722
-0.025888 0.004175
-0.027902 0.005993
-0.023195 0.011176
-0.023200 0.006433
-0.036451 0.013559
-0.025167 0.003946
-0.025017 0.000939
-0.026054 0.003958
-0.023916 0.001656
-0.024954 0.004391
-0.024940 0.011505
-0.031979 0.006413
-0.022508 0.008918
-0.025337 0.003653
-0.026762 0.002764
-0.029892 0.010110
-0.026102 0.003987
-0.026500 0.010470
-0.025106 0.004406
-0.024075 0.004208
-0.027392 0.009226
-0.027157 0.007401
-0.029558 0.008360
-0.023010 0.002389
-0.025362 0.003835
-0.023333 0.015170
-0.026699 0.006618
-0.023588 0.004074
-0.024728 0.004371
-0.027265 0.004644
-0.024051 0.006430
-0.024202 0.003556
-0.023605 0.005485
-0.024018 0.009442
-0.024068 0.006043
-0.023593 0.007374
-0.024629 0.001277
-0.022572 0.003970
-0.024547 0.002819
-0.026188 0.004742
-0.026809 0.000548
-0.027593 0.009017
-0.026079 0.002425
-0.025370 0.004595
-0.026658 0.012820
-0.023995 0.001524
-0.028798 0.014711
-0.023437 0.003149
-0.029053 0.006774
-0.024029 0.003850
-0.024877 0.002361
-0.024982 0.008232
-0.025713 0.010120
-0.026243 0.006468
-0.025246 0.004012
-0.028247 0.010261
-0.024960 0.004578
-0.025089 0.008807
-0.022687 0.001195
-0.026075 0.005953
-0.028550 0.003350
-0.024805 0.007706
-0.022360 0.006985
-0.022829 0.004573
-0.030349 0.006327
-0.028395 0.008931
-0.025442 0.003854
-0.024562 0.010491
-0.025092 0.004153
-0.023014 0.003968
-0.024355 0.004422
-0.025377 0.006023
-0.026022 0.004337
-0.025027 0.017652
-0.023736 0.006127
-0.024900 0.030090
-0.026856 0.001222
-0.027489 0.003262
-0.028812 0.004908
-0.027484 0.012674
-0.025789 0.005591
-0.032205 0.012109
-0.028873 0.003120
-0.027289 0.005952
-0.028610 0.011170
-0.025103 0.004996
-0.024120 0.004205
-0.026170 0.002144
-0.025683 0.003985
-0.028733 0.008213
-0.023936 0.007933
-0.024375 0.001638
-0.026437 0.001701
-0.026516 0.006815
-0.026025 0.009186
-0.029303 0.002245
-0.027619 0.007464
-0.025066 0.003387
-0.025613 0.009432
-0.028773 0.004352
-0.022644 0.030902
-0.024266 0.003765
-0.025194 0.003336
-0.025764 0.003235
-0.029501 0.007214
-0.024433 0.006613
-0.027217 0.004579
-0.025430 0.004588
-0.022917 0.006676
-0.024699 0.000852
-0.023699 0.004471
-0.027636 0.009060
-0.032357 0.010614
-0.025812 0.002462
-0.025139 0.002196
-0.027814 0.004864
-0.027465 0.009384
-0.025980 0.004722
-0.025816 0.004213
-0.029771 0.008091
-0.024977 0.004667
-0.027636 0.002650
-0.028493 0.008444
-0.026110 0.001916
-0.029066 0.002368
-0.023637 0.005504
-0.030394 0.006653
-0.026369 0.007779
-0.023409 0.002281
-0.025148 0.007095
-0.025205 0.003233
-0.023842 0.048019
-0.026031 0.005317
-0.027663 0.004447
-0.028961 0.005987
-0.030242 0.004850
-0.022027 0.002529
-0.025783 0.005699
-0.024668 0.001012
-0.023487 0.005474
-0.026033 0.004537
-0.026744 0.006419
-0.029882 0.005068
-0.027638 0.010060
-0.026206 0.001562
-0.026407 0.002764
-0.028172 0.002899
-0.031307 0.006123
-0.026147 0.009051
-0.023897 0.003329
-0.025847 0.006305
-0.023842 0.005728
-0.030801 0.008307
-0.024253 0.007668
-0.023470 0.008938
-0.027229 0.002058
-0.025704 0.007500
-0.027994 0.001665
-0.023697 0.003999
-0.028163 0.008345
-0.026110 0.006543
-0.023019 0.006784
-0.027830 0.005265
-0.025660 0.005348
-0.027066 0.003421
-0.033617 0.007414
-0.033718 0.006079
-0.023396 0.005616
-0.029197 0.008917
-0.025805 0.003058
-0.025253 0.005503
-0.024523 0.008557
-0.023649 0.001947
-0.024105 0.002966
-0.024398 0.002443
-0.025786 0.000677
-0.022700 0.001846
-0.025945 0.005425
-0.025724 0.004237
-0.024768 0.003464
-0.026007 0.003301
-0.027331 0.011813
-0.025317 0.004848
-0.029105 0.017590
-0.026813 0.005676
-0.023524 0.005710
-0.023726 0.002628
-0.026820 0.002525
-0.024272 0.007878
-0.028396 0.011080
-0.034308 0.012479
-0.027574 0.002722
-0.027462 0.004566
-0.025505 0.008278
-0.027526 0.005307
-0.030553 0.004438
-0.024992 0.002866
-0.023686 0.004677
-0.023583 0.003989
-0.025469 0.005689
-0.028723 0.013447
-0.025497 0.006608
-0.029911 0.016166
-0.026078 0.004608
-0.027560 0.001481
-0.029565 0.008282
-0.029766 0.010411
-0.023984 0.007939
-0.026138 0.005972
-0.027584 0.006436
-0.023592 0.002122
-0.026013 0.002879
-0.029408 0.002746
-0.026460 0.005808
-0.024921 0.008427
-0.031323 0.011909
-0.033772 0.019919
-0.028466 0.006055
-0.026360 0.005031
-0.026319 0.004892
-0.028664 0.006454
-0.025794 0.003843
-0.028609 0.011523
-0.024179 0.005115
-0.023849 0.010604
-0.026299 0.005560
-0.024783 0.008356
-0.027365 0.005177
-0.026184 0.007655
-0.029332 0.009145
-0.024565 0.001458
-0.024541 0.003889
-0.027650 0.005270
-0.034173 0.014570
-0.027710 0.007535
-0.026608 0.012063
-0.025167 0.005264
-0.028922 0.015542
-0.026012 0.005181
-0.027006 0.008733
-0.028809 0.010346
-0.024566 0.004143
-0.026841 0.016632
-0.025485 0.003207
-0.023935 0.010197
-0.025246 0.002084
-0.027256 0.008992
-0.028493 0.009130
-0.025473 0.005090
-0.027169 0.005508
-0.031748 0.006651
-0.026824 0.007833
-0.027407 0.002455
-0.026092 0.003876
-0.031819 0.008901
-0.029028 0.008053
-0.031314 0.005818
-0.024554 0.002855
-0.027686 0.006679
-0.031552 0.004157
-0.024782 0.008207
-0.030442 0.003080
-0.025963 0.007014
-0.026582 0.003910
-0.026009 0.004321
-0.029086 0.010136
-0.024481 0.002622
-0.024490 0.004754
-0.024828 0.003901
-0.027201 0.005071
-0.023888 0.003515
-0.023756 0.008429
-0.024614 0.000501
-0.026933 0.006118
-0.027005 0.007538
-0.025854 0.007020
-0.029022 0.003652
-0.034527 0.008598
-0.027378 0.011580
-0.028257 0.012338
-0.028709 0.001839
-0.035915 0.014403
-0.031066 0.007103
-0.027198 0.001854
-0.026990 0.008519
-0.029044 0.003006
-0.028998 0.005909
-0.030772 0.006364
-0.026578 0.009601
-0.029178 0.003345
-0.026336 0.006223
-0.023905 0.007832
-0.028692 0.002473
-0.028591 0.008332
-0.029261 0.007618
-0.025180 0.005969
-0.029707 0.011367
-0.026082 0.003511
-0.026756 0.001481
-0.026388 0.010216
-0.023694 0.006874
-0.029387 0.010620
-0.024176 0.002685
-0.026930 0.007054
-0.029003 0.002437
-0.030109 0.003469
-0.028283 0.011500
-0.030301 0.004765
-0.026557 0.009893
-0.025496 0.002747
-0.028219 0.005431
-0.028231 0.011445
-0.026781 0.005232
-0.029516 0.006898
-0.030343 0.009144
-0.029248 0.007507
-0.028277 0.011754
-0.030016 0.002454
-0.027068 0.001419
-0.028804 0.010007
-0.024244 0.002067
-0.033332 0.011454
-0.028475 0.005518
-0.025602 0.002444
-0.025008 0.002708
-0.029521 0.006221
-0.029055 0.009326
-0.032777 0.010642
-0.034145 0.007302
-0.026796 0.003006
-0.024792 0.004291
-0.030602 0.007602
-0.029906 0.012989
-0.028908 0.002749
-0.027231 0.012625
-0.029222 0.014393
-0.028250 0.020239
-0.031342 0.003829
-0.026651 0.001461
-0.027543 0.005211
-0.027325 0.003076
-0.027310 0.005076
-0.028521 0.006694
-0.029568 0.003689
-0.028687 0.000852
-0.028467 0.007812
-0.028912 0.007693
-0.030120 0.009576
-0.027023 0.007123
-0.025973 0.001816
-0.031217 0.005761
-0.026245 0.007751
-0.026554 0.006640
-0.027117 0.004230
-0.026392 0.001913
-0.027745 0.014137
-0.025218 0.004782
-0.034455 0.012274
-0.028512 0.009499
-0.031598 0.002007
-0.034083 0.018223
-0.026481 0.007307
-0.030364 0.004864
-0.032957 0.010223
-0.027010 0.001070
-0.027771 0.009582
-0.029449 0.005008
-0.029043 0.001372
-0.028338 0.003492
-0.032122 0.003608
-0.033710 0.014326
-0.025841 0.003167
-0.029443 0.006561
-0.027415 0.009446
-0.030739 0.011158
-0.030140 0.009318
-0.032852 0.010414
-0.029618 0.004025
-0.030888 0.008096
-0.030327 0.012227
-0.030261 0.007855
-0.026369 0.005134
-0.026311 0.006181
-0.031146 0.007845
-0.031593 0.003326
-0.028351 0.009715
-0.028901 0.003082
-0.027832 0.003760
-0.032026 0.010966
-0.030170 0.004176
-0.035589 0.009460
-0.030496 0.007617
-0.033924 0.005235
-0.030449 0.003188
-0.034249 0.004865
-0.028875 0.007696
-0.031139 0.009231
-0.026777 0.004252
-0.029773 0.003759
-0.027485 0.006090
-0.030311 0.005786
-0.029289 0.005918
-0.027381 0.003216
-0.031891 0.004477
-0.028361 0.005175
-0.029257 0.006004
-0.034966 0.023209
-0.028883 0.004461
-0.028754 0.003675
-0.030250 0.004146
-0.031016 0.008520
-0.031943 0.007459
-0.028339 0.009581
-0.030116 0.007451
-0.029121 0.001842
-0.027311 0.004009
-0.030584 0.002266
-0.030684 0.008535
-0.028469 0.004416
-0.030805 0.009844
-0.026657 0.006866
-0.028408 0.011556
-0.030222 0.009165
-0.026319 0.003442
-0.028891 0.013969
-0.032885 0.008909
-0.029171 0.006005
-0.031193 0.003251
-0.029255 0.002421
-0.030284 0.008195
-0.029067 0.010284
-0.028552 0.011395
-0.029926 0.010681
-0.027970 0.005491
-0.031923 0.007398
-0.029264 0.002128
-0.029760 0.005762
-0.030848 0.008519
-0.028843 0.011030
-0.029202 0.002178
-0.033224 0.007019
-0.030291 0.010440
-0.032868 0.006774
-0.033300 0.010564
-0.033386 0.002102
-0.027497 0.004379
-0.027496 0.006271
-0.029008 0.002978
-0.029101 0.007287
-0.027968 0.006205
-0.028468 0.002818
-0.031814 0.010276
-0.031093 0.009344
-0.030007 0.009138
-0.031735 0.011312
-0.030556 0.009111
-0.030986 0.003225
-0.032376 0.004997
-0.031209 0.010345
-0.033096 0.011871
-0.030468 0.009494
-0.029833 0.009072
-0.032250 0.010108
-0.026903 0.003738
-0.030327 0.001660
-0.026308 0.005368
-0.027010 0.006901
-0.026909 0.009688
-0.029732 0.003979
-0.028285 0.006086
-0.028031 0.006294
-0.031560 0.010603
-0.033933 0.003811
-0.031591 0.006183
-0.030381 0.004558
-0.029987 0.003981
-0.031403 0.002909
-0.029293 0.003790
-0.033049 0.005998
-0.029030 0.005689
-0.030137 0.000532
-0.032420 0.002561
-0.031463 0.013214
-0.033865 0.013305
-0.030902 0.004704
-0.029517 0.004089
-0.029409 0.010473
-0.028557 0.012426
-0.032597 0.009883
-0.030642 0.000510
-0.030826 0.007097
-0.029383 0.001866
-0.032203 0.012900
-0.030475 0.006916
-0.030142 0.015214
-0.030328 0.005294
-0.027963 0.004120
-0.030269 0.011779
-0.029267 0.016608
-0.032788 0.016287
-0.029718 0.009750
-0.032481 0.010384
-0.032846 0.009191
-0.029593 0.003975
-0.032590 0.003333
-0.029861 0.001252
-0.030167 0.002049
-0.031214 0.005636
-0.030478 0.014190
-0.030900 0.003922
-0.031026 0.012837
-0.027405 0.019286
-0.033961 0.006433
-0.029307 0.005234
-0.027760 0.004808
-0.032278 0.007035
-0.031177 0.006973
-0.033523 0.006272
-0.032103 0.013159
-0.037311 0.015767
-0.027461 0.001670
-0.033383 0.003087
-0.031463 0.011055
-0.032524 0.003817
-0.033579 0.011046
-0.029279 0.005596
-0.031563 0.004897
-0.030205 0.007084
-0.028876 0.011452
-0.032274 0.009216
-0.032012 0.003429
-0.029604 0.008970
-0.030756 0.006856
-0.033121 0.004754
-0.031112 0.007980
-0.032617 0.001651
-0.030632 0.011642
-0.028982 0.012335
-0.031514 0.012600
-0.036285 0.011352
-0.029481 0.003140
-0.029445 0.007657
-0.032418 0.010853
-0.032909 0.009482
-0.032771 0.006682
-0.029281 0.003372
-0.027693 0.002017
-0.031485 0.007311
-0.032843 0.001271
-0.032325 0.000747
-0.031662 0.012025
-0.035567 0.011587
-0.030143 0.004807
-0.033322 0.006695
-0.037410 0.016712
-0.032023 0.011180
-0.035115 0.012811
-0.031748 0.005112
-0.029549 0.012109
-0.029769 0.004194
-0.028848 0.006419
-0.033683 0.013248
-0.031577 0.010799
-0.032387 0.008756
-0.030506 0.001217
-0.029820 0.001646
-0.030687 0.010233
-0.033508 0.006434
-0.031530 0.009809
-0.030991 0.011712
-0.029849 0.004594
-0.033191 0.007384
-0.032058 0.015768
-0.037218 0.014952
-0.030195 0.003088
-0.033637 0.000754
-0.033916 0.005064
-0.030912 0.005490
-0.033442 0.005498
-0.033700 0.003190
-0.033025 0.008340
-0.030498 0.012345
-0.035260 0.011969
-0.033089 0.008206
-0.030195 0.010472
-0.034786 0.018604
-0.035261 0.002747
-0.029671 0.001992
-0.031575 0.008967
-0.034007 0.005409
-0.032743 0.008719
-0.031812 0.004766
-0.035006 0.009513
-0.034109 0.012424
-0.033631 0.004870
-0.030649 0.004316
-0.033611 0.003414
-0.032742 0.002771
-0.035261 0.006323
-0.034218 0.007316
-0.033621 0.010181
-0.032136 0.015572
-0.034369 0.000788
-0.029214 0.009956
-0.034170 0.011128
-0.031332 0.004454
-0.034346 0.001806
-0.030628 0.008410
-0.034300 0.005116
-0.034324 0.009590
-0.029870 0.003421
-0.039150 0.004078
-0.033599 0.003405
-0.036314 0.011591
-0.034261 0.010268
-0.032500 0.006239
-0.036001 0.009380
-0.033471 0.011140
-0.036769 0.018000
-0.032814 0.008865
-0.029868 0.013643
-0.035464 0.012360
-0.033647 0.007650
-0.029521 0.006427
-0.033120 0.011870
-0.030434 0.004590
-0.035200 0.009882
-0.034586 0.009991
-0.032253 0.010118
-0.032558 0.013642
-0.030023 0.003190
-0.033894 0.009419
-0.033377 0.006927
-0.032054 0.009621
-0.031125 0.006350
-0.030850 0.002604
-0.034644 0.007899
-0.032291 0.003828
-0.029911 0.005538
-0.028685 0.002026
-0.029958 0.006453
-0.030717 0.003539
-0.032620 0.003964
-0.030434 0.004344
-0.038375 0.016015
-0.028671 0.006392
-0.033841 0.006850
-0.033207 0.007105
-0.033939 0.003357
-0.032220 0.001289
-0.033100 0.003482
-0.030772 0.002654
-0.032004 0.010590
-0.032763 0.002601
-0.034200 0.002622
-0.035747 0.004264
-0.031893 0.006518
-0.033744 0.014662
-0.036102 0.010918
-0.031922 0.012703
-0.031623 0.003483
-0.033980 0.009858
-0.035031 0.007082
-0.038064 0.014931
-0.030879 0.010633
-0.035395 0.009846
-0.034667 0.008952
-0.032629 0.004798
-0.033931 0.007429
-0.034579 0.004581
-0.034217 0.001109
-0.033654 0.008259
-0.037235 0.010529
-0.033408 0.010070
-0.031589 0.004050
-0.032870 0.007137
-0.035533 0.002763
-0.029103 0.001972
-0.032172 0.006729
-0.032564 0.008431
-0.031401 0.014407
-0.033890 0.011691
-0.031349 0.005898
-0.036259 0.012335
-0.034347 0.004593
-0.032407 0.004310
-0.032590 0.008430
-0.034362 0.008912
-0.037765 0.011671
-0.034884 0.006277
-0.033699 0.014118
-0.038603 0.012232
-0.036365 0.010920
-0.033256 0.004219
-0.034852 0.006727
-0.032408 0.004551
-0.035846 0.015543
-0.033841 0.005758
-0.035537 0.001356
-0.035755 0.018074
-0.032164 0.010939
-0.035018 0.008172
-0.031531 0.002418
-0.035874 0.006633
-0.036724 0.011744
-0.037333 0.014904
-0.037495 0.015382
-0.033118 0.008858
-0.037591 0.008440
-0.033597 0.003405
-0.034206 0.010281
-0.034163 0.003421
-0.035958 0.005720
-0.032680 0.005855
-0.032620 0.004586
-0.033169 0.001478
-0.035079 0.011880
-0.035346 0.009586
-0.034294 0.004778
-0.039375 0.001462
-0.037827 0.012240
-0.030567 0.007423
-0.033416 0.000644
-0.034868 0.004974
-0.036102 0.006747
-0.032870 0.015966
-0.031708 0.010388
-0.040415 0.012132
-0.036785 0.011665
-0.034405 0.008281
-0.032077 0.003742
-0.040083 0.012794
-0.033423 0.006443
-0.030894 0.002347
-0.032827 0.009432
-0.039266 0.016110
-0.037966 0.017445
-0.035185 0.006108
-0.038096 0.007070
-0.034569 0.010625
-0.036627 0.011032
-0.035770 0.008754
-0.038566 0.004677
-0.034642 0.006760
-0.037107 0.012381
-0.038814 0.003367
-0.034243 0.009518
-0.036478 0.011229
-0.037797 0.008134
-0.037281 0.000737
-0.039430 0.016595
-0.036883 0.005116
-0.033378 0.003708
-0.036380 0.006904
-0.036465 0.007025
-0.032327 0.005727
-0.035466 0.010990
-0.033645 0.002605
-0.037227 0.010685
-0.034103 0.006221
-0.037468 0.008966
-0.034964 0.005814
-0.034694 0.010753
-0.039206 0.015158
-0.041269 0.007678
-0.037403 0.001053
-0.036778 0.021618
-0.035608 0.006619
-0.039606 0.016136
-0.033778 0.010736
-0.037946 0.010894
-0.037526 0.014803
-0.033799 0.003905
-0.033828 0.006525
-0.039520 0.006303
-0.036167 0.002546
-0.035995 0.011434
-0.037324 0.014434
-0.035917 0.003770
-0.034851 0.006910
-0.036694 0.006281
-0.037005 0.006377
-0.034168 0.001751
-0.036508 0.014929
-0.035131 0.006414
-0.036060 0.002807
-0.034746 0.003413
-0.036045 0.011270
-0.036812 0.005799
-0.037983 0.005191
-0.033525 0.008435
-0.035231 0.003969
-0.037445 0.009053
-0.038302 0.008637
-0.034330 0.011761
-0.035897 0.006279
-0.035019 0.008456
-0.037388 0.010733
-0.035609 0.004485
-0.035080 0.011335
-0.032965 0.002415
-0.036908 0.003929
-0.032028 0.004703
-0.037549 0.008350
-0.036547 0.002243
-0.036585 0.012502
-0.038536 0.008496
-0.036949 0.002804
-0.038145 0.010148
-0.031897 0.008728
-0.034483 0.005256
-0.038558 0.011234
-0.039501 0.012196
-0.038798 0.012979
-0.038151 0.005377
-0.035904 0.000845
-0.038328 0.003387
-0.038486 0.007662
-0.038786 0.013789
-0.036465 0.003820
-0.041052 0.016241
-0.034358 0.007176
-0.036965 0.004639
-0.039104 0.003464
-0.040022 0.018517
-0.038371 0.016186
-0.035727 0.003588
-0.034164 0.008620
-0.037810 0.009684
-0.036768 0.014646
-0.037360 0.003597
-0.039300 0.008548
-0.037003 0.018147
-0.038956 0.008031
-0.035696 0.005089
-0.038637 0.009986
-0.036887 0.003350
-0.038414 0.006835
-0.034842 0.007543
-0.037136 0.001619
-0.040181 0.019717
-0.039749 0.012444
-0.039851 0.004850
-0.037784 0.006345
-0.035848 0.003758
-0.038811 0.014014
-0.038925 0.017600
-0.042565 0.011499
-0.037523 0.005671
-0.036357 0.011488
-0.037221 0.008527
-0.039504 0.009893
-0.038146 0.007370
-0.039407 0.011232
-0.037552 0.002608
-0.037984 0.000835
-0.038680 0.014577
-0.038029 0.008828
-0.037918 0.007676
-0.037134 0.001930
-0.038313 0.002371
-0.040232 0.012374
-0.037569 0.008119
-0.035137 0.003100
-0.036740 0.005863
-0.042385 0.025729
-0.038806 0.009342
-0.035850 0.002647
-0.039856 0.010961
-0.039857 0.014768
-0.039693 0.006489
-0.038633 0.012787
-0.039578 0.008478
-0.037955 0.007770
-0.039338 0.009335
-0.037671 0.022554
-0.038409 0.002228
-0.041462 0.018719
-0.040640 0.009491
-0.038633 0.008495
-0.040251 0.011970
-0.040144 0.006105
-0.036499 0.005407
-0.038159 0.008182
-0.040156 0.008345
-0.036263 0.006834
-0.039777 0.007553
-0.038768 0.007689
-0.042580 0.008819
-0.043394 0.013618
-0.039352 0.005211
-0.040341 0.011889
-0.038239 0.003717
-0.036107 0.003454
-0.040185 0.013417
-0.039270 0.007819
-0.035573 0.009539
-0.038632 0.014316
-0.041117 0.007677
-0.041485 0.014340
-0.035892 0.008523
-0.040945 0.015066
-0.038638 0.005895
-0.041418 0.017462
-0.038109 0.006443
-0.039052 0.011426
-0.041524 0.013178
-0.039335 0.007064
-0.038373 0.003855
-0.037440 0.008140
-0.038472 0.002241
-0.041910 0.011959
-0.040472 0.008132
-0.040287 0.014843
-0.039765 0.008054
-0.039379 0.014952
-0.037644 0.004664
-0.036068 0.003877
-0.037802 0.005749
-0.042312 0.012612
-0.038053 0.007656
-0.036992 0.005537
-0.039280 0.008688
-0.043520 0.010457
-0.036677 0.020995
-0.035698 0.008273
-0.037800 0.004737
-0.036525 0.002372
-0.037154 0.011741
-0.041928 0.011990
-0.041005 0.010658
-0.038975 0.006479
-0.041756 0.012265
-0.039251 0.007817
-0.038817 0.009285
-0.042171 0.011811
-0.041918 0.009548
-0.041918 0.011662
-0.037231 0.004931
-0.041939 0.004568
-0.043265 0.010036
-0.040478 0.008000
-0.041264 0.012901
-0.041958 0.010768
-0.041454 0.014872
-0.038971 0.005814
-0.042402 0.008592
-0.039174 0.007329
-0.040276 0.003813
-0.040018 0.007708
-0.041194 0.003346
-0.039023 0.001678
-0.038863 0.004429
-0.043962 0.015058
-0.038757 0.009400
-0.043546 0.002969
-0.043026 0.010233
-0.040824 0.010831
-0.040581 0.013874
-0.039795 0.011138
-0.040836 0.006384
-0.044749 0.016863
-0.041252 0.012730
-0.042565 0.012142
-0.040791 0.014487
-0.043514 0.016535
-0.041044 0.010788
-0.042506 0.015202
-0.040025 0.011922
-0.042180 0.008353
-0.043106 0.013233
-0.040749 0.011726
-0.040325 0.005771
-0.041259 0.012024
-0.042568 0.014386
-0.042862 0.008545
-0.041087 0.009259
-0.042669 0.013750
-0.044832 0.007912
-0.042736 0.009476
-0.042181 0.010533
-0.040532 0.010344
-0.041686 0.009633
-0.040869 0.004374
-0.040502 0.006037
-0.045434 0.024624
-0.043455 0.009863
-0.045094 0.013919
-0.042621 0.013902
-0.042729 0.002998
-0.039602 0.014221
-0.040830 0.012770
-0.042803 0.016191
-0.041475 0.005922
-0.043099 0.013105
-0.046817 0.019310
-0.041065 0.005655
-0.043320 0.007800
-0.040883 0.008605
-0.040982 0.001692
-0.042310 0.002391
-0.045892 0.004170
-0.039461 0.005149
-0.045927 0.011354
-0.041644 0.007652
-0.044931 0.017374
-0.044467 0.014717
-0.040986 0.003460
-0.044350 0.013988
-0.048442 0.025846
-0.044480 0.015680
-0.044460 0.009997
-0.043530 0.009696
-0.043873 0.006327
-0.042363 0.007341
-0.040504 0.007013
-0.044230 0.016720
-0.044271 0.015845
-0.043184 0.007370
-0.044333 0.017951
-0.045520 0.016731
-0.044973 0.013343
-0.041867 0.010519
-0.041359 0.005283
-0.044546 0.011084
-0.044628 0.015869
-0.044254 0.003824
-0.045355 0.001278
-0.045904 0.002976
-0.043888 0.011711
-0.044317 0.006896
-0.041226 0.001176
-0.043478 0.009874
-0.042683 0.005941
-0.047465 0.017073
-0.042777 0.006351
-0.047259 0.011238
-0.045428 0.021918
-0.044220 0.014878
-0.046372 0.014552
-0.046822 0.009029
-0.042140 0.002489
-0.046280 0.019354
-0.041610 0.012131
-0.042437 0.014164
-0.043774 0.016710
-0.044994 0.002896
-0.046210 0.003632
-0.046507 0.007127
-0.045354 0.012904
-0.043699 0.023001
-0.046826 0.004485
-0.046751 0.014558
-0.045518 0.010880
-0.048619 0.019868
-0.043356 0.015718
-0.045774 0.002959
-0.047064 0.009216
-0.047987 0.013309
-0.043427 0.006534
-0.045697 0.003646
-0.047691 0.018560
-0.045048 0.006410
-0.048948 0.015462
-0.044224 0.003693
-0.046304 0.013636
-0.044818 0.010799
-0.046851 0.025182
-0.044487 0.008619
-0.045407 0.008158
-0.045336 0.002019
-0.046310 0.011838
-0.047867 0.002134
-0.047769 0.016993
-0.047148 0.004049
-0.044241 0.010322
-0.044384 0.008950
-0.043824 0.006850
-0.050272 0.018923
-0.046347 0.009219
-0.047644 0.010395
-0.044157 0.007603
-0.045129 0.013631
-0.047014 0.018817
-0.045384 0.009470
-0.048241 0.014578
-0.049043 0.022388
-0.049886 0.010218
-0.046171 0.022599
-0.046880 0.011704
-0.045502 0.009055
-0.044861 0.007446
-0.048508 0.027221
-0.047258 0.006748
-0.045525 0.014445
-0.045938 0.018162
-0.046741 0.015700
-0.048748 0.008424
-0.046248 0.010284
-0.049452 0.010069
-0.048501 0.013672
-0.049336 0.003758
-0.049651 0.016368
-0.047435 0.000654
-0.046464 0.003898
-0.048228 0.015022
-0.047690 0.018751
-0.051717 0.007551
-0.047354 0.018885
-0.047788 0.014947
-0.047476 0.011254
-0.047515 0.013996
-0.053879 0.011565
-0.046733 0.009290
-0.048026 0.026890
-0.049592 0.007533
-0.045459 0.012302
-0.047968 0.013980
-0.050903 0.009543
-0.051251 0.022574
-0.044542 0.003700
-0.049953 0.014628
-0.048930 0.015643
-0.049771 0.012730
-0.050678 0.016661
-0.048342 0.008873
-0.050688 0.012337
-0.048005 0.004365
-0.051851 0.007621
-0.047143 0.007986
-0.052269 0.006442
-0.055636 0.011617
-0.049932 0.004178
-0.049382 0.011705
-0.049535 0.008317
-0.049703 0.010088
-0.049106 0.022784
-0.052205 0.024317
-0.047187 0.007663
-0.049543 0.008501
-0.052010 0.013191
-0.047682 0.012498
-0.050733 0.022912
-0.048938 0.020356
-0.048684 0.013279
-0.048749 0.006246
-0.053174 0.007160
-0.051957 0.012037
-0.049412 0.013818
-0.054938 0.015494
-0.052120 0.009140
-0.048384 0.011203
-0.051115 0.018744
-0.051136 0.002279
-0.054078 0.024264
-0.052441 0.020940
-0.057320 0.013690
-0.049716 0.015813
-0.047173 0.021662
-0.052398 0.015215
-0.051643 0.009180
-0.049880 0.001869
-0.054714 0.006855
-0.050123 0.011558
-0.049757 0.013321
-0.049437 0.018588
-0.051813 0.018692
-0.049107 0.016103
-0.049871 0.014612
-0.055820 0.011089
-0.051659 0.015475
-0.057495 0.010853
-0.052338 0.017629
-0.050521 0.013392
-0.049112 0.010428
-0.059501 0.023062
-0.055283 0.029876
-0.055950 0.015512
-0.050949 0.007845
-0.053021 0.021450
-0.052134 0.009887
-0.048880 0.019420
-0.050840 0.006115
-0.054706 0.011737
-0.053711 0.005668
-0.051274 0.006767
-0.053137 0.011607
-0.051729 0.003726
-0.051695 0.015867
-0.051931 0.016079
-0.051083 0.002015
-0.051215 0.001662
-0.052599 0.006906
-0.053873 0.019459
-0.057374 0.014486
-0.064272 0.012553
-0.052880 0.009647
-0.055256 0.003503
-0.055042 0.018819
-0.053536 0.011077
-0.051765 0.014232
-0.056422 0.002437
-0.054951 0.019084
-0.054515 0.005096
-0.054824 0.008326
-0.057256 0.012038
-0.052988 0.016031
-0.052514 0.007927
-0.051832 0.024267
-0.056333 0.014321
-0.050633 0.002130
-0.057343 0.028560
-0.059953 0.017513
-0.052394 0.030720
-0.054931 0.023998
-0.054520 0.004297
-0.054856 0.029221
-0.053516 0.021445
-0.053772 0.007937
-0.052942 0.020247
-0.060381 0.013902
-0.050157 0.011911
-0.056749 0.005620
-0.053903 0.029958
-0.054575 0.018848
-0.055908 0.028238
-0.055651 0.021520
-0.058979 0.027814
-0.058329 0.022337
-0.056317 0.015077
-0.054513 0.010746
-0.055584 0.008908
-0.055816 0.017529
-0.061636 0.005233
-0.058946 0.022939
-0.055800 0.024483
-0.064724 0.024923
-0.056646 0.030170
-0.056433 0.014186
-0.060143 0.026801
-0.056670 0.017356
-0.054037 0.008153
-0.053401 0.015436
-0.057345 0.018833
-0.065395 0.003939
-0.057858 0.011029
-0.059123 0.004951
-0.070286 0.017944
-0.060398 0.023158
-0.058619 0.014567
-0.058345 0.015817
-0.061280 0.017455
-0.068565 0.014834
-0.054267 0.010113
-0.057196 0.015220
-0.059507 0.014286
-0.056392 0.021681
-0.063938 0.009676
-0.059413 0.015503
-0.070389 0.027102
-0.056659 0.032957
-0.056937 0.011148
-0.059647 0.020008
-0.061014 0.007976
-0.070241 0.030232
-0.054965 0.023197
-0.056182 0.013516
-0.054513 0.014216
-0.063137 0.016973
-0.059736 0.003310
-0.058757 0.016844
-0.063874 0.009508
-0.068466 0.023452
-0.070583 0.007652
-0.061396 0.026787
-0.053840 0.013358
-0.056292 0.003138
-0.070571 0.003026
-0.061454 0.027238
-0.062590 0.036343
-0.067268 0.012186
-0.087027 0.009921
-0.062563 0.002871
-0.057749 0.009049
-0.060693 0.005801
-0.058824 0.008985
-0.060844 0.002571
-0.065048 0.017933
-0.087297 0.033394
-0.056175 0.022990
-0.059919 0.009572
-0.057546 0.033993
-0.065072 0.027422
-0.083458 0.020089
-0.065973 0.023473
-0.062187 0.016065
-0.056267 0.016132
-0.061266 0.013538
-0.073680 0.029409
-0.063365 0.006247
-0.084587 0.020253
-0.080785 0.014379
-0.079653 0.015942
-0.064011 0.022738
-0.059462 0.029279
-0.061238 0.020253
-0.063000 0.026089
-0.070430 0.020784
-0.066973 0.018702
-0.073773 0.015009
-0.058309 0.009459
-0.058592 0.022538
-0.070970 0.018743
-0.063440 0.017659
-0.064945 0.006772
-0.087605 0.005772
-0.065703 0.031300
-0.072408 0.015726
-0.081024 0.024595
-0.063937 0.012011
-0.061195 0.014132
-0.084722 0.024541
-0.055954 0.010225
-0.063474 0.019522
-0.072133 0.014787
-0.069794 0.033582
-0.053954 0.035677
-0.060393 0.019018
-0.064380 0.024577
-0.067242 0.025435
-0.062660 0.020654
-0.061901 0.010539
-0.074631 0.019521
-0.090575 0.012247
-0.061953 0.009740
-0.099968 0.011602
-0.068569 0.023402
-0.086889 0.012928
-0.071169 0.012654
-0.096240 0.022442
-0.067151 0.020932
-0.086900 0.008045
-0.082008 0.022963
-0.065620 0.008445
-0.060205 0.013480
-0.058550 0.009065
-0.073050 0.021624
-0.071745 0.011443
-0.082217 0.008731
-0.094942 0.028993
-0.083010 0.025102
-0.086619 0.019757
-0.086503 0.007547
-0.066061 0.013502
-0.079168 0.025097
-0.072146 0.021955
-0.080902 0.021751
-0.069170 0.035717
-0.058685 0.024391
-0.070661 0.018220
-0.063931 0.007597
-0.075274 0.014845
-0.070811 0.013913
-0.071390 0.002693
-0.085945 0.015487
-0.073924 0.010378
-0.083235 0.002242
-0.059112 0.011212
-0.078139 0.014315
-0.068766 0.028562
-0.092346 0.016406
-0.092442 0.009887
-0.077707 0.061083
-0.064015 0.026250
-0.088614 0.006865
-0.064652 0.024402
-0.094638 0.026268
-0.064629 0.030371
-0.079505 0.011535
-0.097773 0.029861
-0.087368 0.030665
-0.072016 0.005126
-0.085059 0.024063
-0.096655 0.010494
-0.061794 0.014061
-0.064735 0.024934
-0.071005 0.022982
-0.062853 0.014855
-0.084472 0.011782
-0.074527 0.016402
-0.089244 0.009581
-0.096905 0.007856
-0.069474 0.023757
-0.085926 0.014546
-0.060013 0.021864
-0.087686 0.004821
-0.058058 0.030932
-0.083116 0.018715
-0.061322 0.018173
-0.066714 0.014968
-0.075472 0.007677
-0.091787 0.005335
-0.085837 0.018863
-0.082022 0.016493
-0.078591 0.015620
-0.068058 0.010166
-0.075059 0.013942
-0.068324 0.007756
-0.068127 0.021022
-0.078671 0.020118
-0.062839 0.026691
-0.074831 0.009816
-0.066794 0.027200
-0.100248 0.008560
-0.076473 0.028886
-0.059621 0.025887
-0.080436 0.019286
-0.069577 0.019125
-0.075129 0.015053
-0.082835 0.008208
-0.099274 0.038311
-0.066680 0.027282
-0.066023 0.012257
-0.075309 0.018906
-0.063205 0.026445
-0.057300 0.022199
-0.064881 0.018824
-0.078309 0.017250
-0.105125 0.015823
-0.083209 0.014537
-0.069303 0.027284
-0.058325 0.012373
-0.080934 0.029151
-0.075883 0.002905
-0.077782 0.002445
-0.066698 0.016788
-0.080652 0.021977
-0.078306 0.012421
-0.067819 0.020129
-0.090450 0.024668
-0.070176 0.005910
-0.076256 0.021228
-0.069720 0.003501
-0.073584 0.019209
-0.085198 0.022265
-0.065827 0.026525
-0.070588 0.019632
-0.068765 0.015192
-0.070506 0.020300
-0.074663 0.007947
-0.081787 0.025585
-0.075141 0.021868
-0.074109 0.014254
-0.082801 0.012428
-0.092158 0.026870
-0.090962 0.007821
-0.076842 0.028019
-0.066297 0.022051
-0.072943 0.017156
-0.079788 0.023182
-0.076119 0.012376
-0.077414 0.013273
-0.090642 0.007211
-0.099869 0.028550
-0.074195 0.026472
-0.105073 0.026671
-0.092760 0.025977
-0.085077 0.018326
-0.088812 0.021824
-0.071367 0.006303
-0.076347 0.010261
-0.099022 0.017830
-0.086752 0.007545
-0.098039 0.012912
-0.087030 0.026817
-0.077770 0.031955
-0.079588 0.017510
-0.077202 0.027564
-0.064142 0.007228
-0.063271 0.018843
-0.070714 0.009828
-0.074057 0.020584
-0.083710 0.013096
-0.073318 0.024555
-0.089804 0.022458
-0.095021 0.015876
-0.065131 0.025573
-0.093389 0.016793
-0.082927 0.033100
-0.077719 0.021114
-0.084117 0.018595
-0.067286 0.022964
-0.064648 0.039223
-0.095911 0.023024
-0.110739 0.012037
-0.074715 0.028314
-0.067989 0.014987
-0.072742 0.012553
-0.091588 0.008452
-0.070460 0.021451
-0.078516 0.011632
-0.065510 0.021349
-0.076404 0.026276
-0.071412 0.020525
-0.069951 0.019758
-0.065719 0.025405
-0.089729 0.009402
-0.081322 0.041425
-0.054844 0.027811
-0.068280 0.015340
-0.073493 0.012697
-0.079764 0.026261
-0.108252 0.009239
-0.108596 0.019376
-0.085588 0.023226
-0.077935 0.029679
-0.096412 0.032230
-0.077439 0.032510
-0.104300 0.006717
-0.090208 0.016876
-0.085957 0.018454
-0.093890 0.018709
-0.106704 0.024522
-0.068178 0.027395
-0.083488 0.012250
-0.071117 0.004371
-0.060711 0.014122
-0.081233 0.028024
-0.077287 0.018696
-0.074865 0.016146
-0.070004 0.014094
-0.112644 0.016378
-0.076052 0.012714
-0.075032 0.025539
-0.084698 0.014689
-0.059717 0.023980
-0.093118 0.027088
-0.092174 0.029081
-0.077166 0.030116
-0.069619 0.029004
-0.073152 0.040545
-0.079711 0.014577
-0.086353 0.011837
-0.078014 0.007047
-0.068077 0.021095
-0.082423 0.016863
-0.064323 0.012163
-0.077553 0.023516
-0.125108 0.031270
-0.095154 0.004678
-0.076410 0.028212
-0.070049 0.005895
-0.070880 0.010966
-0.073332 0.023955
-0.081174 0.018969
-0.072573 0.004291
-0.086936 0.018444
-0.069431 0.018638
-0.086348 0.028918
-0.079269 0.004759
-0.097805 0.006589
-0.065182 0.031352
-0.082435 0.022539
-0.100551 0.022215
-0.068053 0.021009
-0.078040 0.014294
-0.082200 0.027567
-0.092834 0.015596
-0.076873 0.031057
-0.126789 0.019120
-0.105626 0.017619
-0.082839 0.043448
-0.082838 0.023880
-0.091117 0.021703
-0.087692 0.009056
-0.128292 0.035809
-0.089195 0.018552
-0.076840 0.019237
-0.080233 0.033662
-0.118523 0.013870
-0.093217 0.038079
-0.082197 0.035033
-0.124979 0.019877
-0.102065 0.017885
-0.069691 0.024316
-0.077099 0.030497
-0.089364 0.024838
-0.071647 0.037605
-0.080336 0.016627
-0.091465 0.036781
-0.075896 0.022324
-0.078508 0.026299
-0.075486 0.021465
-0.078321 0.009579
-0.111779 0.013471
-0.067286 0.019734
-0.108740 0.012117
-0.092062 0.039362
-0.105848 0.007253
-0.075477 0.011000
-0.076745 0.013908
-0.079769 0.026503
-0.089688 0.027765
-0.077352 0.013516
-0.067501 0.023507
-0.074144 0.026597
-0.076664 0.033994
-0.069568 0.020531
-0.112201 0.008479
-0.070740 0.034053
-0.079691 0.029930
-0.085745 0.014361
-0.077422 0.007963
-0.073340 0.008112
-0.067661 0.015365
-0.085869 0.028962
-0.084617 0.023250
-0.095034 0.007634
-0.093005 0.022444
-0.109475 0.002836
-0.088126 0.024961
-0.107783 0.024975
-0.132963 0.026142
-0.069700 0.031965
-0.100306 0.006937
-0.061595 0.005895
-0.102764 0.020298
-0.103877 0.033256
-0.068859 0.038915
-0.074876 0.029090
-0.099585 0.037512
-0.104950 0.010258
-0.079240 0.030950
-0.084578 0.016665
-0.104098 0.027618
-0.100131 0.039217
-0.098586 0.029310
-0.097209 0.013291
-0.079108 0.026048
-0.093443 0.001331
-0.094110 0.010416
-0.093778 0.038588
-0.071410 0.021604
-0.084270 0.008333
-0.067527 0.009937
-0.078281 0.016522
-0.072866 0.024418
-0.082068 0.024523
-0.076838 0.013865
-0.105460 0.037497
-0.087973 0.032718
-0.086041 0.002758
-0.106532 0.038869
-0.125813 0.023595
-0.089504 0.022923
-0.097350 0.017193
-0.136301 0.022132
-0.099444 0.035215
-0.080319 0.015944
-0.117197 0.028595
-0.095336 0.008450
-0.097957 0.026972
-0.107890 0.006285
-0.125380 0.030733
-0.093007 0.015111
-0.081259 0.007045
-0.108891 0.013623
-0.093034 0.008893
-0.088215 0.024127
-0.072164 0.039761
-0.092869 0.005517
-0.114273 0.015654
-0.094762 0.008055
-0.091077 0.007179
-0.103895 0.024010
-0.096382 0.005191
-0.128881 0.007707
-0.080894 0.019894
-0.114869 0.025046
-0.079070 0.044865
-0.111281 0.003128
-0.108457 0.059734
-0.077079 0.019078
-0.081372 0.031575
-0.089213 0.028218
-0.066160 0.028288
-0.093270 0.009334
-0.109587 0.018168
-0.065102 0.036017
-0.084615 0.015998
-0.090208 0.010298
-0.106077 0.002662
-0.108381 0.018890
-0.119790 0.016749
-0.084590 0.025727
-0.087984 0.010208
-0.082148 0.017130
-0.086750 0.040705
-0.093831 0.008717
-0.098595 0.028227
-0.104219 0.025990
-0.126279 0.016462
-0.086636 0.022916
-0.107992 0.018898
-0.086290 0.050596
-0.108765 0.031330
-0.077984 0.039508
-0.100859 0.011213
-0.106434 0.010551
-0.092204 0.031616
-0.105775 0.013710
-0.110094 0.013396
-0.074229 0.035330
-0.095780 0.022553
-0.070020 0.036545
-0.096074 0.014266
-0.091123 0.035497
-0.086207 0.020734
-0.092371 0.033879
-0.085689 0.016035
-0.139678 0.006086
-0.101709 0.017014
-0.070247 0.012992
-0.082822 0.028486
-0.075132 0.014114
-0.081828 0.023870
-0.104276 0.009648
-0.118838 0.036892
-0.104843 0.014576
-0.072115 0.032285
-0.094562 0.009294
-0.122623 0.013750
-0.082114 0.009790
-0.066256 0.016809
-0.112553 0.020198
-0.106654 0.034008
-0.094019 0.033827
-0.082738 0.015314
-0.118428 0.025135
-0.113464 0.025145
-0.066425 0.005240
-0.133406 0.019862
-0.092175 0.020374
-0.155159 0.030431
-0.124376 0.029141
-0.091311 0.014151
-0.126046 0.040894
-0.102258 0.008457
-0.110770 0.024119
-0.117137 0.040992
-0.098481 0.012768
-0.094250 0.022326
-0.089936 0.034612
-0.097737 0.013115
-0.080334 0.028372
-0.146502 0.026715
-0.121108 0.031638
-0.099564 0.044735
-0.078967 0.040598
-0.108860 0.015401
-0.087541 0.035769
-0.120756 0.036371
-0.125882 0.022656
-0.097025 0.035980
-0.189851 0.040407
-0.079440 0.028167
-0.116296 0.015646
-0.154095 0.012180
-0.095264 0.020631
-0.138643 0.007058
-0.107428 0.051811
-0.085476 0.008720
-0.078365 0.037027
-0.114139 0.012975
-0.108303 0.032298
-0.116745 0.015800
-0.089597 0.034202
-0.120790 0.039734
-0.180440 0.055502
-0.193810 0.015220
-0.128715 0.016968
-0.112708 0.057426
-0.090157 0.022443
-0.114376 0.002948
-0.199895 0.007961
-0.076589 0.029229
-0.155161 0.040729
-0.158507 0.006692
-0.101201 0.012091
-0.094164 0.045978
-0.124344 0.036755
-0.141488 0.047407
-0.100149 0.014150
-0.099709 0.033665
-0.112541 0.016347
-0.095892 0.057240
-0.153468 0.017469
-0.154518 0.006794
-0.160062 0.056894
-0.180786 0.027657
-0.150406 0.060995
-0.136142 0.052380
-0.144109 0.052031
-0.146207 0.052543
-0.121165 0.071916
-0.106078 0.055278
