  -3.6258594e-01   1.7603038e-02
  -3.5135438e-01   8.1635324e-02
  -3.2205003e-01   9.3703875e-02
  -3.3384577e-01   7.6720818e-02
  -3.2645484e-01   1.0577463e-01
  -3.2423144e-01   6.2867479e-02
  -3.8838441e-01   1.8080861e-02
  -3.3523700e-01   8.7956681e-02
  -3.4289436e-01   4.8453561e-02
  -3.9319662e-01  -1.4828753e-02
  -3.8409977e-01   3.2682142e-02
  -3.0090169e-01   8.7223180e-02
  -3.6222374e-01   1.9716981e-02
  -3.4327671e-01   7.2845497e-02
  -3.3955122e-01  -1.4344647e-03
  -4.1353184e-01   3.5530948e-02
  -3.4151775e-01   9.3500496e-02
  -4.1259343e-01   5.4002309e-02
  -3.5798273e-01   3.5462732e-02
  -3.1653338e-01  -4.5964113e-03
  -3.5742630e-01   3.8278545e-02
  -3.9011881e-01   1.6289558e-02
  -3.4397486e-01   5.7272452e-02
  -3.9054119e-01  -1.9581640e-02
  -4.1448949e-01   6.1547273e-04
  -3.6126086e-01   4.6713153e-02
  -3.2231285e-01   6.2865316e-02
  -3.3984028e-01   1.0288534e-03
  -3.3444470e-01   9.0211004e-02
  -3.9858652e-01  -3.3605029e-03
  -3.1570197e-01   1.1366210e-01
  -3.8572145e-01  -2.1774787e-02
  -4.4557194e-01  -8.9416546e-02
  -3.9344658e-01   3.2543116e-02
  -3.6855230e-01   1.9947144e-02
  -3.1583377e-01   6.2070167e-02
  -2.8775050e-01   9.5783064e-02
  -2.9355300e-01   6.3097919e-02
  -3.4614469e-01   9.3761694e-02
  -4.2189020e-01  -6.3722591e-02
  -3.8176550e-01   4.0063560e-02
  -3.7642476e-01   6.1453664e-03
  -3.4021127e-01   1.6386617e-02
  -2.7609902e-01   1.0861817e-01
  -3.9498041e-01  -5.1441152e-02
  -3.1760756e-01   2.8823087e-02
  -3.3559729e-01   8.9121310e-02
  -2.9369565e-01   1.2895837e-01
  -4.1366929e-01  -2.8685634e-02
  -3.7625722e-01   1.5747627e-02
  -3.6051415e-01   5.8348180e-02
  -4.4671237e-01  -3.0804683e-02
  -3.4507825e-01   3.7684711e-02
  -3.5425728e-01   5.5113758e-02
  -3.8815501e-01   1.4434701e-02
  -4.1722465e-01  -7.6603764e-02
  -3.8060036e-01   5.4232353e-02
  -3.9981946e-01  -6.1504476e-03
  -3.2829203e-01   8.1635850e-02
  -3.7109459e-01  -1.6411050e-02
  -3.3045032e-01   3.3110715e-02
  -2.9572119e-01   8.3621402e-02
  -3.6501420e-01   4.2923449e-02
  -2.8294658e-01   1.1490535e-01
  -3.2450338e-01   3.2629925e-02
  -2.9292760e-01   1.2346367e-01
  -3.3614371e-01   2.5788797e-02
  -3.0515713e-01   1.2279288e-01
  -3.4877463e-01   6.3665402e-02
  -3.3129107e-01   8.3121792e-02
  -3.5058091e-01   3.4010325e-02
  -3.0596328e-01   1.0889165e-01
  -3.0117038e-01   4.8599349e-02
  -3.3083139e-01   1.0679874e-02
  -3.7256808e-01   5.2094937e-02
  -3.5667256e-01  -2.7939938e-02
  -2.8424136e-01   1.0075483e-01
  -2.5761408e-01   1.6209935e-01
  -3.3809965e-01   2.2095861e-02
  -3.2774924e-01   6.7632971e-02
  -2.7659523e-01   7.2797115e-02
  -3.4097763e-01   2.3754132e-02
  -2.7821027e-01   1.2095614e-01
  -3.0039082e-01   1.4320626e-01
  -2.8747272e-01   5.8922538e-02
  -3.0234502e-01   6.3597571e-02
  -3.3677600e-01   3.2598192e-02
  -3.8139606e-01   2.8409835e-02
  -2.9381434e-01   5.0225086e-02
  -3.4449721e-01   4.9666499e-02
  -3.2510545e-01   1.1006499e-01
  -3.5589950e-01   7.6436886e-02
  -2.8089701e-01   4.2752621e-02
  -2.7374815e-01   9.6914568e-02
  -2.7953580e-01   1.5121068e-01
  -2.7401204e-01   1.5829587e-01
  -3.6814300e-01  -1.5020174e-02
  -3.3792990e-01   2.5025102e-02
  -3.6796420e-01  -1.9061833e-03
  -3.4173275e-01   1.2152579e-01
  -2.9784456e-01   9.9634600e-02
  -3.6256927e-01   6.5318214e-02
  -3.1516719e-01   1.4882423e-01
  -2.9988033e-01   1.0915045e-02
  -3.1629634e-01   8.1506826e-02
  -3.6263818e-01   1.6693936e-02
  -3.6167164e-01  -1.1932838e-02
  -3.0113580e-01   6.8906893e-02
  -2.8664188e-01   1.3931988e-01
  -3.3620644e-01   2.9862795e-02
  -3.4244202e-01   3.9474530e-02
  -3.4068215e-01   3.4765854e-03
  -2.9929591e-01   7.0343571e-02
  -3.9754673e-01  -6.9087539e-02
  -3.1629048e-01   2.6080680e-02
  -2.5046942e-01   1.0848589e-01
  -3.2109039e-01   7.8001464e-02
  -2.3697711e-01   1.0408716e-01
  -2.7597630e-01   1.6923451e-01
  -2.1586332e-01   1.3870884e-01
  -2.2960555e-01   5.7265214e-02
  -2.3250621e-01   1.2182965e-01
  -2.6391121e-01   1.5871681e-01
  -2.6016572e-01   5.4400439e-02
  -2.6051645e-01   9.9866042e-02
  -2.5271976e-01   1.3654053e-01
  -2.5713259e-01   1.4504284e-01
  -2.6066428e-01   9.8010839e-02
  -2.7550330e-01   1.1921551e-01
  -2.7298513e-01   1.2623181e-01
  -2.4736068e-01   1.0618602e-01
  -2.7737517e-01   5.5457918e-02
  -2.9224838e-01   7.3918320e-03
  -3.0598715e-01   7.2417483e-02
  -2.4894841e-01   1.2378398e-01
  -2.5243069e-01   1.1654548e-01
  -2.9202128e-01   7.2709607e-02
  -2.8696163e-01   2.2358268e-03
  -2.8233297e-01   1.2294550e-01
  -2.5389847e-01   1.4337005e-01
  -2.8031551e-01   4.0074696e-02
  -3.4131260e-01   2.2908951e-02
  -2.4699058e-01   9.3475040e-02
  -2.3398933e-01   1.6578465e-01
  -3.5017676e-01   3.7021513e-02
  -2.5674737e-01   6.0958509e-02
  -2.7451668e-01   1.0083624e-01
  -2.6259225e-01   8.8276485e-02
  -2.5941349e-01   1.2349465e-01
  -2.5541631e-01   5.0011887e-02
  -3.1408954e-01   1.2293406e-01
  -2.5558891e-01   1.3226545e-01
  -2.3824755e-01   1.4143677e-01
  -2.2035695e-01   9.4667957e-02
  -1.9209708e-01   1.3634617e-01
  -2.6254784e-01   1.3431063e-01
  -1.9109109e-01   1.4113533e-01
  -3.1991089e-01   6.9819561e-02
  -3.1268241e-01   1.4242651e-01
  -2.1498665e-01   1.3276626e-01
  -3.2605819e-01   1.0818443e-01
  -2.8977992e-01   1.6662759e-01
  -2.2945482e-01   9.4303285e-02
  -3.0662600e-01   7.5466876e-02
  -2.8963333e-01   1.1894715e-01
  -2.7142155e-01   1.1889701e-01
  -2.2151123e-01   6.3165818e-02
  -2.3339124e-01   1.5702937e-01
  -2.0836727e-01   1.4950458e-01
  -2.4666999e-01   1.2747582e-01
  -2.1221415e-01   1.9502284e-01
  -2.3704144e-01   1.6959681e-01
  -2.5576928e-01   1.3107758e-01
  -2.5630799e-01   4.4528893e-02
  -1.8739964e-01   1.0080056e-01
  -2.3415548e-01   4.3756402e-02
  -2.3462885e-01   6.2628882e-02
  -2.0845589e-01   1.9163150e-01
  -2.9721337e-01   4.8331254e-02
  -2.9535602e-01   1.3820152e-01
  -2.3308181e-01   1.0133015e-01
  -2.4356854e-01   3.5008043e-02
  -2.2019510e-01   2.0026458e-01
  -2.1330037e-01   8.0536270e-02
  -1.9443593e-01   1.9256369e-01
  -2.9979890e-01   6.1982756e-02
  -1.8088681e-01   1.5486214e-01
  -1.8107688e-01   8.3285953e-02
  -2.0350164e-01   9.6394484e-02
  -2.5089528e-01   1.5844185e-01
  -3.3939538e-01   8.6590016e-02
  -2.6702699e-01   6.4261898e-02
  -2.3979248e-01   6.8195877e-02
  -1.8908450e-01   1.2501877e-01
  -2.7662418e-01   4.1952055e-02
  -2.7842627e-01   1.1720578e-01
  -2.9896781e-01   9.7218098e-02
  -3.0384924e-01   8.6599332e-02
  -2.3194478e-01   1.2862577e-01
  -2.3871196e-01   8.9529177e-02
  -2.1215336e-01   1.7095604e-01
  -2.3892310e-01   2.3065361e-01
  -2.4504144e-01   1.4976773e-01
  -1.5675884e-01   1.2198054e-01
  -2.1897502e-01   1.4719173e-01
  -2.1929039e-01   9.8834943e-02
  -2.5648061e-01   1.3203926e-01
  -1.7832296e-01   1.7485400e-01
  -2.5083617e-01   1.1518653e-01
  -2.4529939e-01   1.2067986e-01
  -2.2638848e-01   8.6433515e-02
  -1.3544883e-01   1.6701731e-01
  -2.3036198e-01   1.7895640e-01
  -2.5349729e-01   1.2638886e-01
  -1.4740650e-01   7.9424114e-02
  -1.1619777e-01   1.0275361e-01
  -1.6513813e-01   1.8576894e-01
  -1.3493140e-01   1.4270242e-01
  -2.0518368e-01   1.7735018e-01
  -1.2061012e-01   9.7190669e-02
  -1.8120954e-01   1.0395213e-01
  -1.3334827e-01   1.7191899e-01
  -1.8176508e-01   2.0272239e-01
  -1.4420001e-01   1.7822015e-01
  -1.8441138e-01   1.8827627e-01
  -1.9307291e-01   1.5686026e-01
  -1.4841793e-01   9.0805927e-02
  -2.1875775e-01   2.4648966e-01
  -2.2942250e-01   1.2664189e-01
  -1.4449929e-01   1.5550223e-01
  -1.3576327e-01   1.4565087e-01
  -1.5184731e-01   1.9159326e-01
  -1.8999058e-01   1.4698540e-01
  -2.1700219e-01   1.1220852e-01
  -1.9765641e-01   2.0038057e-01
  -2.0351687e-01   1.9072826e-01
  -1.9475129e-01   1.1116449e-01
  -2.3770485e-01   1.1713682e-01
  -2.2144141e-01   1.7394227e-01
  -1.2448090e-01   1.5083597e-01
  -1.6134487e-01   1.1394401e-01
  -1.6856618e-01   1.8879401e-01
  -1.6581343e-01   1.7239956e-01
  -2.2802050e-01   1.4526598e-01
  -1.5677252e-01   1.5212551e-01
  -1.4470840e-01   1.2939131e-01
  -2.2881454e-01   1.0419052e-01
  -1.5716835e-01   2.0570305e-01
  -1.9777219e-01   1.4068542e-01
  -2.1282571e-01   1.8491546e-01
  -9.6634911e-02   1.9104534e-01
  -6.0096481e-02   2.1781636e-01
  -1.4563644e-01   2.3942625e-01
  -1.0683799e-01   1.3905430e-01
  -1.5201660e-01   1.9759358e-01
  -1.0259146e-01   2.1343086e-01
  -1.9501799e-01   1.6803487e-01
  -1.8949117e-01   1.5621292e-01
  -8.8819821e-02   1.4295249e-01
  -1.4754198e-01   1.6555827e-01
  -1.2538069e-01   1.7321542e-01
  -7.5583842e-02   1.4250847e-01
  -5.4391239e-02   1.4336225e-01
  -8.7903477e-02   1.8398089e-01
  -1.1405294e-01   1.2855026e-01
  -9.5213906e-02   1.5708502e-01
  -1.5577111e-01   2.1311725e-01
  -7.6019391e-02   2.1526249e-01
  -9.5714979e-02   1.4497314e-01
  -7.7813336e-02   1.4981233e-01
  -1.1586519e-01   1.9411913e-01
  -1.5060610e-01   1.8480442e-01
  -1.5363955e-01   1.8519382e-01
  -1.3907268e-01   8.8487148e-02
  -1.6454510e-01   1.9581516e-01
  -6.5450780e-02   2.4570434e-01
  -1.1164079e-01   2.1863832e-01
  -7.6918497e-02   2.5059830e-01
  -7.0419736e-02   2.1849491e-01
  -5.0345074e-02   3.3477666e-01
  -7.5520654e-02   2.6793185e-01
  -9.9255915e-02   2.4611178e-01
   3.6481656e-03   2.0296876e-01
   4.5071694e-02   2.7785210e-01
  -2.1074818e-02   2.7875435e-01
  -4.4035204e-02   2.8721063e-01
  -9.6735644e-03   2.9954248e-01
  -5.8221732e-02   2.8958672e-01
  -3.3436585e-02   3.2869662e-01
  -3.3856731e-02   2.2995614e-01
  -1.0037123e-01   2.2298576e-01
  -6.1378365e-02   2.1432940e-01
  -8.8910598e-02   3.2214155e-01
  -6.8208582e-02   2.1890542e-01
  -8.9219998e-02   2.7235388e-01
  -9.3253153e-02   2.8232798e-01
  -5.0334253e-02   2.4732964e-01
  -6.9139830e-02   3.1527785e-01
  -1.0359641e-01   2.0130968e-01
  -4.5592755e-02   2.9047299e-01
   4.2592524e-02   2.4219336e-01
  -3.9712442e-02   2.9755894e-01
  -3.0006533e-03   3.1464434e-01
  -4.8245355e-02   3.0400098e-01
  -1.8643313e-02   2.8445486e-01
   5.6365038e-02   2.6302005e-01
  -1.6254857e-02   2.4763123e-01
  -4.6930336e-02   2.9952647e-01
  -6.6689764e-02   2.9050624e-01
  -5.2063629e-02   2.8404557e-01
  -3.0011996e-02   2.2815446e-01
  -4.6737773e-02   3.2853506e-01
  -3.8150098e-02   2.4744039e-01
   5.2475857e-02   2.3492397e-01
   3.4720367e-02   2.8374627e-01
  -4.8918576e-02   3.1652672e-01
   3.4073141e-02   1.9276783e-01
  -4.7690388e-02   2.1961779e-01
  -5.2627493e-03   3.5460862e-01
   1.7307180e-02   2.9895237e-01
   3.1697283e-02   3.4150679e-01
  -4.1124501e-02   2.5566479e-01
  -1.1729261e-03   2.4015525e-01
   3.3629682e-03   2.8581998e-01
  -1.0045860e-02   2.8978858e-01
   6.2555481e-02   3.3438655e-01
   1.8501963e-02   2.1525327e-01
   2.0049528e-02   2.6406861e-01
   4.0618142e-03   2.9774302e-01
  -6.1764282e-02   2.7411446e-01
   1.2756729e-02   3.3014388e-01
   4.5972262e-02   2.7152713e-01
   7.9367813e-02   2.5069881e-01
   8.9902248e-02   3.5966364e-01
   3.0282753e-02   2.9395155e-01
   1.3601072e-02   3.0861092e-01
   1.4412335e-02   2.7952783e-01
   4.1533116e-03   2.8321970e-01
   2.6547152e-02   2.7312500e-01
  -3.7479682e-02   3.3318325e-01
   6.1028291e-02   2.4860815e-01
   1.6064810e-01   1.8698490e-01
   6.9993905e-02   1.4945758e-01
   1.2978238e-01   2.2117625e-01
   7.0950257e-02   2.6287375e-01
   7.8589813e-02   1.9392995e-01
   1.1320703e-01   2.3812692e-01
   2.5382100e-02   3.2404353e-01
   9.3160810e-03   2.9800029e-01
   7.4682461e-02   3.4354127e-01
   1.0008466e-01   2.7689579e-01
   1.0030228e-02   2.4996097e-01
   9.8591428e-02   2.6768804e-01
   1.1409249e-01   2.1324009e-01
   4.4725429e-02   2.9824452e-01
  -1.0718934e-03   3.3555236e-01
   9.8938816e-02   2.5621646e-01
   5.7175104e-02   2.8115657e-01
   6.5566583e-02   3.3561703e-01
  -7.7827678e-03   2.9031984e-01
   5.2046992e-02   3.8333754e-01
   1.1268071e-01   2.4548862e-01
   8.6336212e-02   2.7315985e-01
  -7.8021109e-04   3.0581851e-01
   5.4124435e-02   2.0439165e-01
   4.3010400e-02   2.7601234e-01
   8.6166514e-03   2.4577975e-01
   1.4660046e-01   2.1388099e-01
   7.5245651e-02   2.9664639e-01
   4.6607669e-02   2.9678582e-01
   6.8460784e-02   2.3505801e-01
   5.0902733e-02   2.7654807e-01
   5.7766773e-02   2.8933876e-01
   2.3066182e-02   2.4637051e-01
   2.7846950e-02   2.8935086e-01
   5.1861226e-02   3.4226764e-01
   6.8194692e-02   2.6566502e-01
   8.8184061e-02   2.4757946e-01
   4.8674893e-02   2.7294115e-01
   8.5092768e-02   2.2321696e-01
   1.2666518e-02   2.8296214e-01
   1.1732782e-01   2.9882358e-01
   7.4225292e-02   2.9130538e-01
  -1.9510877e-02   3.5805662e-01
   4.0559740e-02   3.0255290e-01
   1.7616462e-01   2.5520824e-01
   1.2457507e-01   2.1506064e-01
   1.9161099e-01   2.1532778e-01
   1.6316605e-01   2.1585920e-01
   8.8416820e-02   2.6124879e-01
   8.1321203e-02   2.3401160e-01
   1.0903021e-01   2.6146356e-01
   5.1081569e-02   2.8003885e-01
   1.3201067e-02   2.7515572e-01
   1.1134041e-01   2.8033301e-01
   1.2989376e-01   2.5045900e-01
   1.3704380e-01   2.4650239e-01
   5.8311568e-02   2.8987188e-01
   6.2402531e-02   3.0066563e-01
   1.5810547e-01   2.4300489e-01
   1.3855619e-01   2.0361962e-01
   1.3558712e-01   2.2047595e-01
   1.1970769e-01   2.3471290e-01
   1.4425854e-01   2.6053749e-01
   1.2297891e-01   2.4518182e-01
   1.6087036e-01   2.7273012e-01
   1.4084590e-01   2.4389080e-01
   1.5288249e-01   2.1854591e-01
   1.5982385e-01   2.3087055e-01
   8.9691812e-02   2.4572353e-01
   1.5010004e-01   2.6149805e-01
   5.6322260e-02   3.1660038e-01
   1.0011301e-01   2.9351739e-01
   1.6077328e-01   2.4460252e-01
   1.0787036e-01   2.9651366e-01
   8.4077350e-02   2.9030960e-01
   1.6865402e-01   2.9066758e-01
   1.6343483e-01   2.3947106e-01
   1.3613200e-01   2.4284457e-01
   9.9722862e-02   1.9965430e-01
   2.9421778e-02   3.0940265e-01
   7.3053817e-02   2.4385269e-01
   1.9788692e-01   1.8026250e-01
   1.5594060e-01   2.4461642e-01
   1.2133984e-01   2.6299061e-01
   1.9862820e-01   1.7646271e-01
   1.1513310e-01   2.0058689e-01
   4.0596627e-02   2.3273391e-01
   1.0573910e-01   2.6797527e-01
   1.2796948e-01   2.6348085e-01
   7.8491868e-02   2.7394521e-01
   1.2671362e-01   2.8161707e-01
   1.1298716e-01   2.4725456e-01
   1.1914399e-01   2.8580221e-01
   1.7521608e-01   2.4720360e-01
   1.0390597e-01   2.5390525e-01
   1.3674495e-01   2.6664442e-01
   1.3183588e-01   2.3557587e-01
   1.6616174e-01   2.6057238e-01
   1.5864177e-01   2.4395650e-01
   2.2452494e-01   2.2087559e-01
   1.6389677e-01   2.6040331e-01
   9.3897557e-02   2.7858266e-01
   2.1770472e-01   1.9527164e-01
   1.8561324e-01   2.3255238e-01
   1.7728892e-01   2.5097399e-01
   1.7489186e-01   2.2355234e-01
   8.2910601e-02   3.2569288e-01
   9.9099578e-02   2.6944893e-01
   1.3818796e-01   2.1825592e-01
   1.5728385e-01   2.4460404e-01
   1.7868957e-01   2.3321911e-01
   2.4124547e-01   2.1951560e-01
   1.7849977e-01   2.4116353e-01
   2.6252160e-01   1.7847195e-01
   1.5077867e-01   2.3294223e-01
   1.7997162e-01   2.3517097e-01
   1.0037018e-01   3.2228504e-01
   1.7340891e-01   2.3052503e-01
   7.9994453e-02   2.7232433e-01
   2.5928278e-01   1.7049239e-01
   1.2068000e-01   2.5761140e-01
   1.8037206e-01   2.8324991e-01
   1.1416278e-01   2.8503989e-01
   1.5911051e-01   2.6271789e-01
   1.7367475e-01   2.4449070e-01
   1.4913750e-01   2.6190831e-01
   8.4366934e-02   2.4776967e-01
   1.5774046e-01   2.3179746e-01
   1.9886578e-01   2.1367829e-01
   1.8342309e-01   2.2226736e-01
   1.7397381e-01   2.3122908e-01
   1.3854410e-01   2.5999061e-01
   1.1831044e-01   2.7467102e-01
   2.0276382e-01   2.0021778e-01
   2.6283794e-01   2.2209900e-01
   2.0591263e-01   1.9822357e-01
   1.4947989e-01   2.3648803e-01
   1.2692572e-01   2.5389464e-01
   1.4660640e-01   2.9867275e-01
   2.1346741e-01   2.0057277e-01
   1.3501960e-01   2.3350287e-01
   1.9717611e-01   2.1751306e-01
   2.6409298e-01   1.8663391e-01
   2.3600862e-01   1.8569467e-01
   2.3045496e-01   2.0831758e-01
   1.4755401e-01   2.5879078e-01
   1.3499881e-01   2.0470861e-01
   1.8086352e-01   2.9609122e-01
   1.0570731e-01   2.6574587e-01
   1.3781225e-01   2.8998976e-01
   2.9963448e-01   1.5085484e-01
   3.0575569e-01   2.0013816e-01
   2.7450875e-01   2.1963612e-01
   1.6141078e-01   2.2226698e-01
   2.3226962e-01   1.9861741e-01
   1.5284110e-01   2.4661522e-01
   2.3174646e-01   2.2539187e-01
   1.7033071e-01   2.6018450e-01
   1.7533914e-01   2.3456490e-01
   2.4587591e-01   2.1566075e-01
   2.1294777e-01   2.2017469e-01
   2.7838816e-01   2.2249218e-01
   1.6562532e-01   3.0062978e-01
   1.5958100e-01   2.6121713e-01
   2.3040142e-01   1.5228222e-01
   1.9164821e-01   2.0644662e-01
   2.1984967e-01   1.9282227e-01
   1.9427591e-01   2.4116678e-01
   2.4344011e-01   1.5339085e-01
   2.0331562e-01   2.4724938e-01
   2.8478499e-01   1.4449324e-01
   2.4783255e-01   1.5457810e-01
   1.8506549e-01   2.3676738e-01
   2.6404188e-01   1.6946478e-01
   1.2761899e-01   2.5960140e-01
   2.0098567e-01   2.4181765e-01
   2.9573272e-01   1.5652731e-01
   2.6631251e-01   2.0765812e-01
   3.0680088e-01   1.5571832e-01
   2.3757781e-01   1.7853080e-01
   2.0670749e-01   2.2772481e-01
   3.7613035e-01   1.3897921e-01
   2.3159361e-01   2.2943159e-01
   2.0728912e-01   2.1095612e-01
   2.6813554e-01   1.9195610e-01
   2.0860123e-01   2.6313230e-01
   1.9492525e-01   2.4817636e-01
   1.6667786e-01   2.4333666e-01
   2.3595617e-01   1.8959606e-01
   2.0065990e-01   2.5907065e-01
   1.5875852e-01   3.0327769e-01
   9.9526673e-02   3.0037057e-01
   2.3242580e-01   1.9317978e-01
   2.8242198e-01   1.6241146e-01
   1.9235375e-01   2.5766169e-01
   1.4389616e-01   2.5236292e-01
   1.9407050e-01   2.8563712e-01
   2.0401989e-01   2.0626820e-01
   2.4846992e-01   2.1485094e-01
   2.0462532e-01   2.3855130e-01
   2.7292876e-01   2.0295728e-01
   1.8964434e-01   2.3777031e-01
   1.7920671e-01   2.4980567e-01
   1.9637144e-01   1.7722270e-01
   1.6295565e-01   2.7143609e-01
   1.9631229e-01   2.6417976e-01
   1.6074445e-01   2.7156310e-01
   1.8596032e-01   2.4140463e-01
   1.9235629e-01   2.2698396e-01
  -1.0231537e-01  -2.1222523e-01
   2.9594181e-02   2.6350245e-02
  -8.7297504e-02  -2.0063508e-01
  -1.7542231e-01  -1.9784215e-01
  -7.5378343e-02  -8.3829146e-02
  -2.9274357e-02  -9.3387502e-02
   7.6601032e-02   6.3791563e-02
   6.7894885e-03  -8.7665600e-03
   4.6513997e-02  -2.7750079e-02
  -1.4893691e-01  -2.2713317e-01
   1.5960536e-04  -5.2304820e-02
  -1.2945522e-01  -1.9753520e-01
  -1.1029141e-02  -1.8599427e-02
   4.5132956e-02   9.7008738e-02
   3.0739202e-02   3.1118785e-02
  -1.4214383e-01  -2.2387837e-01
  -7.0271059e-02  -1.0086766e-01
  -5.0170696e-02  -2.4761740e-02
  -4.7245181e-02  -8.7938325e-02
   5.5475219e-02   2.8937487e-02
   1.8429082e-02   3.5482533e-02
  -1.1104126e-01  -1.8910611e-01
  -6.8478999e-02  -8.6715357e-02
  -3.6442108e-02  -1.6736205e-01
   2.4411631e-02  -3.2582186e-03
  -7.9330820e-02  -1.4474265e-01
  -3.4794315e-02  -5.0250298e-03
  -1.2448667e-01  -2.2238688e-01
  -2.9361208e-02  -5.5735738e-02
  -1.8996338e-02  -1.1119410e-01
  -1.1526747e-01  -1.9878288e-01
  -6.7975821e-03  -9.9506591e-02
  -1.3959937e-02   3.2965076e-02
   5.4484899e-03  -3.5719639e-05
  -1.1923683e-01  -1.5582123e-01
  -9.6635780e-04  -1.3488797e-02
  -9.7671692e-02  -1.4872001e-01
  -9.3063900e-02  -9.2391733e-02
  -2.9490306e-02  -4.7188145e-02
   7.6137509e-02   1.1508886e-01
  -6.4515978e-02  -1.8884304e-02
  -5.4075046e-02  -9.9301285e-02
  -1.1402649e-01  -1.3551895e-01
  -7.5459186e-03  -3.7434732e-02
  -6.8658647e-02  -1.4385782e-01
  -1.0203626e-01  -9.1417159e-02
   7.7674864e-03  -3.0686040e-03
  -5.4363926e-02  -1.0546318e-01
  -4.4729684e-02  -3.8512917e-02
  -1.0478784e-01  -1.2263698e-01
   6.9113968e-03  -2.3161163e-03
  -1.4447597e-01  -1.5809717e-01
  -2.5252308e-02  -2.6032243e-02
  -7.9648533e-02  -1.4277849e-01
  -3.1556555e-02  -5.5009931e-02
  -1.0892564e-01  -1.7069701e-01
  -5.3046717e-02  -6.0484386e-02
  -3.5186666e-02  -7.5677255e-02
  -4.4209211e-02  -9.8634552e-02
  -5.5361146e-02  -8.8619282e-02
   1.0642744e-01   1.4737221e-02
  -3.5041193e-02  -4.4502677e-02
  -9.8909571e-02  -1.0719675e-01
  -6.0941001e-02  -9.8658394e-02
   7.5969503e-02   8.8543746e-02
  -1.5226748e-02   4.5579866e-03
  -6.0013645e-02  -5.9521125e-02
   9.2077874e-04  -3.2977558e-02
  -1.0932939e-01  -1.9743776e-01
  -1.0137988e-02  -1.8699512e-02
  -9.8623629e-02  -5.2006487e-02
   5.7406620e-02   5.4540079e-02
  -6.0813167e-02  -4.4662121e-02
  -4.8420299e-02  -9.1985008e-02
   2.9877435e-02  -8.9750154e-03
  -7.1535820e-02  -1.4533085e-01
  -6.6859998e-02  -1.4841878e-01
  -7.2121863e-02   2.0371945e-02
   2.3145354e-02   1.2965515e-03
  -1.0286031e-01  -1.6529011e-01
  -8.1706871e-02  -4.1439009e-02
  -1.4785304e-02  -1.6593470e-02
  -5.4852402e-02   2.8276777e-02
  -1.0046954e-01  -1.6088099e-01
  -3.5333942e-02   1.8677886e-02
  -1.2828867e-01  -1.7187706e-01
  -6.1766706e-02  -4.6633080e-02
  -7.5146920e-02  -2.1732778e-02
  -5.0203658e-02  -4.8390498e-02
  -9.4470583e-02  -6.1000241e-02
  -7.9255329e-02  -1.0841690e-01
  -1.0136633e-01  -1.1663131e-01
  -2.3458919e-02  -4.7176417e-02
  -9.6653096e-02  -1.7369705e-01
   8.8675168e-04  -1.0961795e-02
  -3.7543410e-02  -1.3406461e-01
  -8.0939564e-02  -1.3212700e-01
  -1.0757644e-02  -8.8059949e-03
  -5.6633306e-02  -6.4535846e-02
  -2.3587386e-02  -9.1837311e-02
   3.7395208e-02   4.4201346e-02
  -1.2167428e-01  -2.4036567e-01
  -5.0245631e-02  -1.1255301e-01
  -9.6732925e-02  -1.3471058e-01
  -3.1941439e-02  -1.4975932e-01
   3.1575497e-02   8.2980455e-03
   1.3096838e-02   5.1947456e-02
  -1.3527727e-01  -1.3888840e-01
  -1.8172875e-02  -6.2293334e-02
  -1.6945730e-01  -2.1364425e-01
  -6.0986015e-02  -1.4701842e-01
   5.5502931e-03  -4.8590633e-02
  -4.1371625e-02  -9.3877290e-02
  -6.1665643e-02  -9.1938538e-02
   1.6896568e-02  -2.8520422e-02
  -3.2640380e-03   2.9799398e-02
  -8.1586710e-02  -1.1733989e-01
  -1.4535702e-01  -1.9336145e-01
  -2.5526437e-02   6.5331672e-03
  -1.9821331e-02  -6.5612383e-02
  -2.6657403e-01  -2.4695420e-01
  -3.8565575e-02  -8.5522753e-02
  -4.7621230e-02  -6.7116159e-02
  -2.6111326e-02  -5.7129015e-02
  -4.9005052e-02  -1.0602263e-01
  -1.0240455e-02  -2.4022177e-02
  -2.7587744e-02  -4.3248717e-02
   5.8894513e-03  -1.7281730e-02
  -1.5819304e-01  -2.1393866e-01
   2.2448177e-02   9.9924564e-03
  -1.2719942e-01  -1.6877368e-01
  -9.4737871e-04  -6.5401554e-02
  -2.7280579e-02  -8.2353266e-02
  -5.5755473e-02  -1.0826046e-01
  -1.0421299e-01  -1.4521530e-01
  -5.0166058e-02  -1.4196927e-01
  -4.7200056e-02  -3.5395294e-02
  -1.1918275e-01  -1.9795037e-01
  -4.6461512e-02  -1.2002470e-01
  -5.3161105e-02  -5.0237505e-02
  -1.7105638e-01  -1.8702368e-01
   3.7375994e-02   1.9229113e-02
  -1.3656794e-01  -1.7364100e-01
  -8.9287857e-02  -1.6307786e-01
  -8.2433539e-02  -1.4987426e-01
  -5.1459245e-02  -1.1032669e-01
  -3.9882521e-03  -3.8844206e-02
   9.6845040e-02   3.8935595e-03
  -9.1470473e-02  -1.6583122e-01
  -3.4834165e-02  -6.9749964e-02
  -1.4976921e-01  -1.7384911e-01
  -3.1231071e-02  -1.5014891e-01
  -8.7392144e-02  -1.0543156e-01
  -1.0345350e-02  -2.5025060e-02
  -1.4055235e-01  -1.9492993e-01
  -6.6920473e-02  -2.4993462e-02
  -1.3177758e-01  -1.3160151e-01
  -4.2745339e-02   2.6729264e-02
  -4.4426955e-02  -1.2504977e-01
  -7.3463667e-02  -7.3654897e-02
  -8.8248181e-02  -1.5595479e-01
   7.9493240e-02   7.0155314e-02
   6.3115535e-02   6.0658689e-02
  -7.1853274e-02  -1.3781109e-01
   3.5878238e-02  -1.0659899e-02
  -7.4963407e-02  -8.9984050e-02
   2.4607048e-02  -4.5315694e-02
   7.3582616e-03   3.7389147e-02
  -1.0019186e-01  -1.1558778e-01
  -4.7611031e-02  -9.5924972e-02
  -2.2152582e-01  -3.2583178e-01
  -3.5980242e-02  -2.1584755e-02
   1.1606013e-01   4.8890242e-02
  -7.3523328e-03  -4.6306252e-02
  -5.8749443e-02  -9.1828187e-02
  -7.3922689e-03  -8.2772252e-02
  -9.4400545e-03  -3.3871464e-02
   1.0642499e-01   1.0720618e-01
  -2.1298092e-02  -6.0520642e-03
  -9.7102075e-02  -1.0774282e-01
  -1.4982863e-01  -2.3444974e-01
  -6.0145992e-02  -1.1388355e-01
  -6.1852167e-02  -1.4337177e-01
   2.6988989e-02   6.1768274e-02
  -1.0593463e-01  -1.7085830e-01
   5.4420369e-02   5.9647777e-02
  -5.6611281e-02  -9.5325236e-02
  -2.0126148e-02  -6.0807845e-02
   2.1714433e-02   2.2428532e-02
  -4.9258451e-04  -3.2691835e-02
  -3.0195246e-02  -8.9728963e-02
  -5.2545455e-03   4.8761929e-03
  -1.2938571e-01  -1.5273235e-01
   4.6691513e-02   1.2898431e-02
  -9.1383535e-02  -2.0510561e-01
  -1.4589650e-01  -1.9786778e-01
   1.9811052e-02  -3.9168046e-02
  -1.0199562e-01  -9.5327000e-02
  -3.3192691e-02  -1.6472742e-02
  -4.7158692e-02  -1.2858050e-01
  -1.8488149e-01  -2.5181316e-01
  -9.8257120e-02  -6.6739584e-02
  -2.9163855e-02  -6.6399552e-02
   2.2932800e-02   2.6660805e-02
  -8.5247375e-02  -1.0557305e-01
  -1.8465827e-02  -5.2686138e-02
  -3.1884864e-02   2.2856858e-02
   1.3517565e-02   1.9743857e-02
  -1.5716455e-01  -2.3339057e-01
   5.0625319e-02   7.5317434e-02
   1.4377224e-02  -3.4101814e-02
  -6.3240833e-03   1.3165648e-03
  -8.1322560e-02  -1.6670850e-01
  -6.9574429e-02  -2.2718579e-01
  -1.3504066e-01  -2.0689521e-01
  -1.3484561e-01  -9.7937460e-02
  -3.1259708e-02  -1.9906432e-02
  -4.1007369e-02  -1.3135127e-01
  -1.6648866e-01  -3.1288486e-01
  -8.0976224e-02  -9.4168195e-02
   4.8704762e-02  -2.7128094e-02
  -8.9753656e-02  -1.6975120e-01
   4.1352507e-03  -1.9201647e-02
   3.6180885e-03  -3.1744231e-02
  -1.7563616e-02  -7.0062391e-02
   2.9346838e-02  -5.4901633e-04
   6.4836290e-03  -5.7915636e-02
  -1.6526701e-02  -3.6489443e-02
  -8.7388549e-02  -2.6289053e-02
  -1.8667789e-02  -1.6162234e-02
  -1.0423929e-01  -1.2729033e-01
  -8.0461052e-02  -1.2026947e-01
   6.7743858e-04   3.9667881e-02
  -1.2279081e-02  -1.5709732e-02
  -4.2833085e-02  -6.8505163e-02
  -5.3261459e-02  -1.0652464e-01
   9.8587179e-02   8.1310736e-02
  -5.8185922e-02  -4.2880961e-02
   1.2532065e-02  -1.8776616e-02
  -3.9074485e-02  -9.3814675e-02
  -1.0997542e-01  -2.1753704e-01
  -9.6118546e-02  -3.5083267e-02
   1.2399358e-02  -2.6523104e-03
  -5.2078346e-02  -9.2074961e-03
   7.2535013e-02  -8.2162431e-03
  -1.2369441e-03  -6.9788990e-02
  -1.7703759e-01  -2.3881252e-01
  -5.1732504e-02  -9.4529537e-02
   9.3980929e-02   2.5636759e-02
  -7.0364601e-02  -7.5842706e-02
   5.2320132e-02   5.5148480e-03
  -2.6002016e-02  -4.9688634e-02
  -9.9852684e-02  -1.5271142e-01
   5.3972220e-02  -2.1317295e-02
  -3.9639983e-02  -1.4771784e-01
   4.9663327e-02   2.1811913e-02
  -1.4172379e-01  -1.5770891e-01
  -1.2727284e-01  -1.5869645e-01
  -2.2380010e-02  -3.5172668e-02
  -7.0856999e-02  -1.8586763e-01
   3.1930148e-02   5.5785171e-02
  -5.2931957e-02  -1.0953367e-01
  -1.4155768e-01  -1.7890900e-01
  -9.6778013e-02  -1.3697798e-01
  -5.6030833e-02  -1.3499155e-01
  -1.7882798e-01  -2.7452675e-01
   3.9443348e-02   1.0149383e-01
   5.0912563e-02  -2.6551003e-02
  -5.4721202e-02  -1.1868499e-01
  -4.6015932e-02  -2.5903375e-02
   2.3892229e-02   6.3930592e-02
  -5.0758116e-03  -3.9802653e-02
  -8.0936991e-03   2.1537749e-02
  -6.6242953e-02  -8.8523674e-02
   9.4827527e-02   1.2361137e-01
  -7.7709286e-02  -1.3413706e-01
  -9.9900170e-02  -7.0717411e-02
  -6.2336950e-02  -8.9631458e-02
  -9.8830245e-02  -1.1456294e-01
   2.1989335e-03  -2.1483861e-02
  -7.8063890e-03  -8.5969259e-02
   4.1721614e-02   6.8229916e-03
   1.2600392e-01   9.0348944e-02
   3.2477329e-02  -1.0257834e-03
  -1.5104367e-02  -8.5166239e-02
   7.0574830e-02   6.7303935e-02
  -2.7832829e-02  -1.2549871e-01
  -2.1797202e-02   3.0211283e-02
  -1.0899032e-01  -6.9974892e-02
  -1.2629433e-01  -1.5271295e-01
  -5.1003314e-02  -9.0494918e-02
  -8.8677472e-02  -1.4045315e-01
  -3.6623703e-02  -1.3597291e-01
  -1.7230620e-02  -7.6112901e-02
   7.0008290e-02   7.8843801e-02
  -9.0088957e-02  -1.9253401e-01
  -1.0415742e-01  -1.3735205e-01
  -2.8716705e-02  -1.0625825e-01
  -3.5376120e-02  -7.0658938e-02
  -8.4044533e-02  -1.0745202e-01
  -4.8149519e-02  -7.2883033e-02
  -2.1700906e-02  -2.6023476e-02
  -1.7676048e-01  -2.1021998e-01
  -1.3691235e-01  -1.7296376e-01
   9.2351817e-03  -2.4238179e-02
  -3.4522605e-02   4.6314178e-03
   5.3324856e-03  -2.2997363e-02
  -1.0828860e-01  -1.5643320e-01
  -2.7150676e-02  -4.8633018e-02
  -8.9451138e-02  -8.6767880e-02
   2.8102674e-02   1.8123730e-02
  -6.1724302e-02  -1.1710323e-01
  -9.1941715e-02  -1.4436053e-01
  -9.1554727e-02  -1.6074402e-01
  -1.0790143e-01  -9.4439594e-02
  -4.2294400e-02  -1.3754617e-01
  -2.1239089e-01  -2.3143539e-01
  -7.4612068e-02  -3.0190529e-02
   1.0629317e-03  -4.2531834e-02
  -1.5828047e-01  -2.1432230e-01
   2.9788888e-03  -4.9063630e-02
  -1.2849606e-01  -2.1396606e-01
   4.2312799e-03  -3.0312780e-02
  -9.5883868e-02  -1.9520101e-01
  -3.1306442e-02  -1.0627461e-01
  -9.7518027e-02  -1.2243363e-01
   3.3865400e-02   2.3102534e-02
  -6.7159523e-02  -1.3106698e-01
   2.5274491e-02   3.2498251e-02
   3.7631552e-03   3.3206503e-02
  -3.9270303e-02  -9.4530362e-02
  -2.7644325e-02  -3.5939015e-02
  -2.9176411e-02  -1.5984918e-02
   2.6256206e-02  -1.4606018e-02
  -4.0786668e-02  -9.0620022e-03
   3.8740489e-03   1.8441217e-02
   3.2392112e-02   6.4164244e-03
  -1.0528657e-01  -1.5740280e-01
  -2.7878386e-03  -2.9967309e-02
  -1.0023425e-01  -1.7262286e-01
   4.5261218e-02   2.2274145e-02
   3.0281946e-02  -5.9897699e-03
  -3.9303087e-02  -1.1890307e-01
  -4.3242996e-02  -4.9760836e-02
  -1.1228634e-01  -1.3670321e-01
   2.5591591e-02  -5.5623693e-02
  -6.0732784e-02  -9.4365601e-02
  -7.1600585e-02  -1.4032029e-01
  -3.5722596e-02  -9.1780007e-02
  -1.6752816e-01  -1.7677730e-01
  -2.3498119e-02   3.0869763e-02
   3.5954391e-02   3.4847492e-02
  -7.6940272e-02  -1.3222027e-01
   6.5838406e-02   2.6028759e-02
  -3.0597828e-02   1.2856921e-02
  -3.3624061e-02  -1.1127702e-01
  -1.3351414e-01  -1.6927336e-01
  -6.5033306e-02  -8.8725132e-02
  -1.0671053e-01  -1.7628998e-01
   1.1452202e-02  -3.5671537e-02
  -1.2681601e-01  -2.0675695e-01
  -6.9693148e-02  -1.0389348e-01
  -9.5333937e-02  -1.5925153e-01
  -8.7930579e-03  -4.6251474e-02
   6.0302109e-03   3.2074442e-02
  -1.7295771e-01  -2.1948588e-01
  -8.8505015e-02  -1.4440457e-01
  -2.6573119e-02  -1.1836195e-01
   3.0705854e-03  -2.3519948e-02
  -1.0454183e-01  -1.5261543e-01
  -9.8555096e-02  -6.3801877e-02
  -1.4171707e-01  -1.3172680e-01
   5.0813364e-03  -5.8515100e-02
   8.8885137e-02   1.1935305e-01
  -7.1478734e-02  -1.1620159e-01
  -4.7464240e-02  -1.4304547e-01
  -8.8247468e-02  -1.7101578e-01
  -3.2152998e-03  -4.4678960e-02
  -3.2583748e-02  -6.5389215e-02
   2.5702748e-02   6.1726153e-02
   6.0981541e-03  -2.0896479e-02
  -1.6321521e-02  -4.7001020e-02
  -1.0773069e-01  -1.0041945e-01
  -1.3525540e-01  -1.7848715e-01
  -1.6996908e-01  -2.4886843e-01
  -7.5843570e-02  -1.3157905e-01
  -6.3026571e-03  -1.1005136e-01
  -3.4277044e-02  -8.7313181e-03
  -1.7018226e-02  -6.2250365e-02
  -2.6207860e-02  -8.1245769e-02
   6.3767233e-02   6.0457848e-02
  -1.9548861e-02   8.3818374e-02
  -7.7003313e-02  -1.1067834e-01
  -3.7247961e-02  -4.3554385e-02
   6.5439803e-02   3.2826614e-02
  -1.2060107e-01  -1.4711435e-01
   4.7037151e-02  -1.4143588e-03
  -6.2831431e-02  -1.2590478e-01
  -7.7805120e-02  -1.3808820e-01
   8.8254670e-03  -2.4070648e-02
  -6.0181380e-02  -4.4821853e-02
   3.5366767e-02   1.9012089e-02
  -7.9291570e-02  -1.2627104e-01
  -1.4519669e-01  -1.6638230e-01
  -1.1399618e-01  -1.7771520e-01
  -6.2591342e-02  -7.7187604e-02
   1.0644486e-01   1.1591817e-01
   1.4237918e-01   8.0447710e-02
  -1.4295227e-01  -2.0013426e-01
   4.3177933e-02   3.3165369e-02
   7.0890127e-02   1.0125052e-01
  -7.8967196e-03  -4.1992919e-02
  -5.1317434e-03   1.6347508e-02
  -1.5092317e-01  -2.0085004e-01
   2.0727140e-03  -6.5402886e-03
  -5.9188881e-02  -4.5867313e-02
  -8.2805892e-02  -1.8379670e-01
  -1.2138059e-03  -4.2663391e-02
   6.4702206e-04  -3.6932059e-02
   2.9369318e-03  -5.0140820e-02
  -7.3589975e-02  -9.3541587e-02
  -8.4826984e-03   1.3883953e-02
  -5.3356341e-02  -7.4235053e-02
  -9.8066832e-02  -1.0652607e-01
  -9.5646150e-03  -1.0644077e-01
  -9.0013511e-03   5.6838271e-04
  -6.5981930e-02  -1.0869769e-01
  -1.6245798e-02  -5.9447915e-02
  -3.9997067e-02  -7.5666598e-02
   5.5411639e-02   5.2928425e-02
  -1.1578550e-01  -8.4906916e-02
  -5.7690090e-02  -1.7891122e-01
  -3.6744137e-02  -6.4062497e-02
  -1.1136018e-01  -1.3142036e-01
  -3.9969758e-02  -1.1495599e-01
  -3.8096071e-02  -1.0056497e-01
   4.5311200e-02   5.3356664e-02
  -5.1904848e-02  -7.6871624e-02
   4.3067680e-02   1.8403872e-02
   2.1273060e-02  -1.1637715e-02
  -7.4172951e-03  -2.5976757e-02
  -9.3285699e-02  -6.4255887e-02
   2.2912314e-02  -1.7019192e-03
  -4.0042760e-02  -9.6806735e-02
   6.7024207e-02   1.2388795e-01
  -9.3199468e-03  -1.0598651e-01
   8.6079483e-02   8.7541803e-03
  -1.3405601e-01  -2.6453671e-01
   1.4223635e-01   7.2490499e-02
  -4.0513067e-02  -1.1183950e-01
  -4.7067130e-02  -1.7842216e-01
  -7.4071135e-02  -1.1266276e-01
  -7.4985742e-02  -7.6847990e-02
  -7.3159531e-02  -1.4288848e-01
  -6.7911726e-02  -2.4016562e-02
  -4.3549141e-03  -1.0094951e-01
  -6.0093927e-02  -2.1720730e-02
  -1.0112997e-01  -9.8962774e-02
  -1.2990888e-01  -2.1929377e-01
  -8.6739632e-02  -1.8016777e-01
  -2.0131194e-03  -1.3641583e-02
  -6.5305864e-02  -9.5506261e-02
   3.5831372e-02   8.4356946e-02
   6.5887708e-02   8.3861971e-02
  -1.9643013e-02  -6.3118901e-02
  -4.3099586e-03  -3.1459158e-02
   5.0268300e-03  -2.9409565e-02
   1.4130290e-02   8.7864427e-02
  -6.3702728e-03  -3.2250179e-02
  -6.9386870e-02  -1.0206365e-01
  -7.2839874e-02  -1.4546785e-01
  -1.1316556e-01  -8.7728403e-02
   4.3979091e-02   1.9747175e-02
  -5.9230325e-02  -1.6140545e-01
   3.8223836e-02  -5.5032749e-03
  -2.2683514e-02  -6.0923034e-02
  -1.5694561e-02   2.7640462e-03
  -3.8088776e-02  -2.3742658e-02
  -8.9266440e-02  -1.2029448e-01
  -1.1304488e-02  -5.2593440e-02
  -5.2379929e-02  -9.4928508e-02
  -7.5392869e-02  -1.4998136e-01
   6.2247937e-03  -1.5041405e-01
  -3.6628277e-02  -5.6159893e-02
   6.6309753e-02   3.5388637e-02
   2.8618403e-02   1.4925281e-02
  -9.9861031e-02  -6.2098117e-02
  -1.6219667e-01  -2.1021741e-01
  -6.4390038e-02  -3.0887725e-02
  -2.3624512e-02  -1.1501350e-01
  -7.9890783e-02  -1.0642317e-01
  -2.6129034e-02  -1.3110515e-01
   3.0420356e-02   1.9672825e-02
   2.8701609e-03  -4.9100955e-02
  -2.8211275e-02  -8.9698184e-03
  -9.0370588e-02  -2.0024465e-01
   9.7687807e-02   7.7549730e-02
  -2.5203895e-02   9.0958561e-03
  -2.7435673e-02  -1.0099886e-01
  -2.3340807e-02  -7.5069055e-02
  -7.8444878e-02  -1.2917738e-01
  -4.3170636e-03  -1.5692650e-02
  -5.8360868e-02  -9.6993505e-02
  -3.4478952e-02  -5.8653912e-02
  -6.8463607e-02  -8.1188802e-02
  -5.1887635e-02  -3.5059850e-02
  -6.6628068e-02  -1.0680718e-01
  -7.9467974e-02  -1.5512174e-01
   4.0196183e-02   2.4757847e-02
  -1.7237413e-01  -1.8797281e-01
  -2.4183986e-02  -3.8039431e-02
  -6.2125453e-02  -1.4874963e-01
  -1.0306530e-01  -7.0239008e-02
  -7.7323267e-02  -1.6146326e-01
   5.4958522e-02   2.7402670e-02
  -7.7704817e-03  -3.3015977e-02
  -1.4920668e-01  -1.6004316e-01
  -9.4831393e-02  -1.2976763e-01
  -3.2402115e-02  -4.4141504e-02
  -6.9340244e-02  -8.9907712e-02
   3.2718967e-02   2.2799344e-02
  -9.0777057e-02  -1.4853098e-01
  -1.0858415e-01  -1.1788146e-01
  -5.7403117e-02  -7.7094920e-02
   5.6358199e-02  -1.1479044e-02
  -6.1082206e-02  -8.9792049e-02
  -1.1368222e-01  -1.5053379e-01
  -6.5014027e-02  -9.1079346e-02
  -9.7460608e-02  -1.0322192e-01
  -1.6086671e-01  -2.0848844e-01
  -1.6458823e-01  -2.4058983e-01
  -1.8353145e-01  -1.9997241e-01
  -2.9862700e-02  -8.6624204e-03
   1.5912098e-02  -1.0361084e-01
  -9.6878264e-02  -1.1689123e-01
   2.1728199e-02  -3.1690259e-02
  -5.5876604e-02  -1.0184157e-01
  -5.0777426e-02  -6.2549677e-02
  -1.1852127e-01  -1.7543510e-01
  -1.4257323e-01  -2.2390131e-01
  -1.4726525e-01  -1.5650650e-01
   2.2260795e-02  -2.7966552e-02
  -2.8721352e-02  -4.7240132e-02
  -1.4865988e-01  -1.6063835e-01
  -9.2877406e-02  -6.9073312e-02
  -1.1818170e-01  -1.4860086e-01
  -1.5225063e-02  -3.2808242e-02
  -8.5427908e-02  -8.8806007e-02
  -3.3456849e-02  -7.9016780e-02
  -1.0776867e-03  -2.0361951e-02
  -3.9200156e-02  -3.5763580e-02
   7.2045511e-03  -5.0459303e-02
  -9.9557314e-02  -1.2102166e-01
  -6.8718821e-02  -1.3730450e-01
   7.9481486e-02   6.4963441e-02
  -1.6349851e-01  -2.5405339e-01
  -8.3683865e-02  -1.2167019e-01
  -6.1053315e-02  -1.4420262e-01
   1.2001653e-01   1.0509674e-01
  -4.7472154e-02  -1.1563927e-02
  -1.2794629e-01  -1.7928953e-01
  -3.7290061e-02  -9.8231692e-02
   2.6476429e-02   4.6773578e-03
  -6.7742030e-02  -7.0117394e-02
  -5.2411065e-02  -5.5867727e-02
  -1.0336075e-02   2.5986313e-02
   8.1775454e-02   8.2385033e-02
  -7.1789191e-02  -9.4702215e-02
  -4.5123418e-02  -6.8079797e-02
  -1.8535262e-02  -9.6639767e-02
  -5.4563339e-02  -7.0402530e-02
  -5.4257890e-02  -5.8679277e-02
  -4.9879813e-02  -1.2646740e-02
  -1.5439759e-01  -2.3601117e-01
  -1.2931826e-01  -1.4152928e-01
  -3.8010790e-02  -1.0570433e-01
  -6.4070921e-02  -1.5244611e-01
   2.0106228e-02   2.2480833e-02
  -2.8887287e-02   1.5886556e-02
  -1.1234530e-01  -2.1288020e-01
  -1.6874736e-01  -2.4845282e-01
   1.4363572e-02   5.2418279e-03
   7.0172417e-03  -2.0936612e-02
  -3.6372697e-02   8.2903106e-04
   8.7112189e-03   7.8743543e-04
  -3.7279845e-02  -7.9235699e-02
  -3.5425523e-02  -6.5218600e-02
  -5.9036956e-02  -4.8595128e-02
  -2.7498580e-02  -3.6677865e-02
  -8.4846212e-02  -7.0054719e-02
  -1.9149978e-03   5.7832161e-03
  -2.1754861e-03  -2.3786228e-02
  -5.0933010e-02  -9.1015491e-02
  -1.9665293e-01  -1.8778439e-01
  -8.8003643e-03  -1.1034806e-03
  -5.0801119e-02  -1.1828038e-01
  -1.2243231e-01  -1.1171328e-01
   5.9613407e-02   3.8681310e-02
  -3.6895147e-03  -1.9179484e-02
  -2.0247759e-01  -2.1313787e-01
  -5.5369321e-03  -3.8326611e-02
  -5.1203227e-02  -1.2439013e-01
  -3.9628727e-02  -3.8010574e-02
  -3.5346319e-02  -6.6026383e-02
   2.3668205e-02   5.2561447e-02
  -4.6387452e-02  -5.7012035e-02
   4.5775694e-02   7.1913410e-02
  -1.2554206e-02  -4.2230593e-02
  -2.1900501e-02  -9.6555208e-02
   1.7083714e-02  -2.7147914e-02
  -1.5673786e-02  -7.8572410e-02
  -8.7141007e-02  -1.2198503e-01
   3.1469232e-03  -1.1138219e-02
   3.7854147e-02   3.7479379e-02
   1.1611286e-01   1.0626051e-01
  -6.5873806e-02  -1.1835611e-01
  -7.3550710e-02  -2.0455184e-01
  -5.2239247e-03   5.1842708e-02
   4.3650247e-02   4.4552319e-02
   5.5454027e-02   5.7739717e-02
  -3.6696938e-02  -3.8260255e-02
  -1.0209379e-01  -2.0148789e-01
   2.3631597e-02  -1.1969204e-03
   5.1866649e-02   4.3115916e-02
  -2.3477475e-02  -2.1187705e-02
   1.0350134e-02  -3.7416422e-03
   2.8755524e-03  -7.3481942e-03
  -1.4652130e-01  -1.1177856e-01
   2.8488711e-02  -5.6865252e-03
   4.3650677e-02   6.2100719e-02
  -9.2752163e-02  -1.7126457e-01
  -3.0842385e-02  -7.2595941e-02
  -7.4054405e-02  -1.3142109e-01
  -1.0193863e-01  -1.1694522e-01
  -7.3751562e-02  -1.6024514e-01
  -5.0745135e-02  -7.9441553e-02
   2.2608816e-02   1.4361106e-02
   1.1172245e-02   2.8785736e-02
  -1.0327031e-01  -1.6331197e-01
  -4.2415309e-02  -7.7708898e-02
  -1.7807989e-02  -6.4548180e-02
  -8.2239996e-02  -7.6870819e-02
  -3.6534086e-02  -3.4690011e-02
  -1.9530760e-01  -2.4150798e-01
  -3.8989291e-02  -8.1219060e-02
  -1.7800191e-01  -2.5402360e-01
  -1.3081116e-01  -1.6667974e-01
  -2.8604284e-02  -5.8305432e-02
   6.0640725e-02   8.1856576e-02
  -4.3130608e-02  -2.2751893e-03
  -9.2644314e-02  -7.5698730e-02
   1.4193767e-02   4.8978702e-03
   7.2823220e-03  -5.9351436e-02
   2.6999886e-02   3.2876656e-02
  -1.2372847e-01  -1.1930819e-01
  -1.1474961e-01  -1.0318413e-01
  -1.8781323e-01  -1.7685418e-01
   9.5119383e-03   1.6530784e-02
  -1.3754741e-01  -1.5666493e-01
  -8.3401886e-02  -1.5193900e-01
  -2.5194060e-02   1.0255515e-02
  -6.4479199e-02  -7.5840778e-02
   3.3659802e-02   2.1364840e-02
  -2.1271257e-02  -9.8162894e-02
  -9.8552539e-02  -1.0535967e-01
  -2.6902688e-02  -5.9072526e-02
  -9.8138474e-03   3.2457509e-03
  -3.7224254e-03  -4.6374192e-02
   1.6755829e-02   6.7360830e-03
   2.5075477e-02   1.9583388e-02
  -1.2872270e-01  -2.2970109e-01
  -2.7464863e-02   1.0661445e-02
  -4.1167250e-02   5.2564238e-02
  -2.7213661e-02  -3.8787056e-03
  -5.4901342e-03  -9.3428062e-03
  -2.1499566e-02  -8.1089235e-02
  -1.0169325e-01  -9.2929680e-02
   1.4541990e-02  -1.6415375e-02
  -1.0685014e-01  -1.0560177e-01
  -1.4629159e-02  -2.6689585e-02
  -5.4867309e-02  -1.0259664e-01
  -5.7463556e-02  -7.0727130e-02
  -1.6615491e-01  -2.0118120e-01
  -3.9823760e-02  -1.2775555e-02
  -6.1514622e-03  -2.7218334e-02
  -1.9702664e-02  -1.0573827e-01
  -8.3274528e-02  -1.7296759e-01
   7.7635991e-03  -2.1193111e-02
   5.1771999e-02   4.5600447e-02
  -7.1752944e-02  -1.1462704e-01
  -7.6972747e-02  -1.2277064e-01
  -1.3248211e-01  -1.6431200e-01
  -1.2433413e-01  -1.6407461e-01
   1.1054009e-02   5.1902452e-03
  -3.5038916e-02  -7.5851540e-02
  -1.3251410e-01  -9.7788069e-02
   3.3174380e-02   3.4273786e-02
  -8.2872710e-02  -1.4664667e-01
  -2.5840964e-02  -1.5074787e-02
   1.9677639e-03  -3.3378409e-02
  -3.0027082e-02  -3.7606504e-02
  -5.5137430e-02  -1.2147534e-01
  -9.5942186e-02  -7.3272730e-02
  -5.9838486e-02  -1.1031117e-01
  -4.6680514e-02  -1.1695826e-01
  -4.9756333e-02  -1.0728164e-01
   3.2116138e-02   2.3968844e-02
   2.7821525e-02  -2.4801659e-02
  -3.8554882e-02  -5.4417522e-02
   3.1900360e-03   3.7090503e-02
  -9.6984704e-03  -6.2628800e-02
  -2.6834400e-02  -6.3508299e-02
  -2.6761351e-02  -4.0316232e-02
  -5.0237334e-02  -1.1227901e-01
  -8.5911004e-02  -1.3546581e-01
  -1.4663248e-01  -2.0618350e-01
  -6.1220605e-02  -1.7410642e-01
   1.3269577e-02   2.8057190e-02
  -1.7146261e-02  -2.0639286e-02
   4.6132989e-03  -4.4820332e-02
  -8.3892476e-02  -1.4017527e-01
  -5.9960943e-02  -1.3294576e-01
  -3.4619921e-02  -9.4856594e-02
   3.9672297e-03  -2.4516689e-02
  -5.1275126e-02  -6.1111648e-02
  -3.6311523e-02  -6.3525467e-02
  -1.6697291e-02  -6.4034284e-02
   1.8278743e-02  -8.2077987e-02
  -9.5518371e-02  -1.2901637e-01
  -5.7038858e-02  -1.4076629e-01
  -2.2201654e-01  -3.2073977e-01
  -2.0595199e-02  -4.4831573e-02
   4.0883321e-02   1.5314980e-02
  -6.1375793e-02  -7.7408637e-02
  -3.1898261e-02  -8.6422897e-02
  -1.4525645e-02  -1.1153261e-01
  -7.5210891e-02  -1.3954860e-01
  -1.4049973e-02  -1.1556361e-02
  -3.1235306e-02  -9.0265790e-02
   5.0588081e-02   5.2233274e-02
  -1.4680098e-01  -2.2412882e-01
   2.7477760e-03  -1.2581218e-02
  -4.0867647e-02  -1.3761395e-01
  -2.7542801e-02  -8.1728823e-02
  -5.9524393e-02  -6.4006612e-02
  -1.1082764e-01  -2.0126625e-01
  -5.3688587e-02  -1.1776609e-01
  -2.2251766e-02  -4.8508020e-02
  -5.7663022e-02  -4.6736861e-02
  -9.8160587e-02  -1.5483807e-01
  -1.3000222e-01  -7.9469064e-02
  -8.9529745e-02  -1.9209822e-01
   4.3398844e-02   5.0402580e-02
  -2.4607834e-02  -3.4162876e-02
  -1.1123490e-01  -1.7648256e-01
  -7.2196278e-03  -3.8462598e-03
   7.8631762e-02   6.8896744e-02
  -3.7037926e-03  -1.5337858e-02
  -9.0604934e-02  -1.0110498e-01
  -1.1903678e-02  -3.1707209e-02
   2.2571480e-01  -2.7844409e-01
   2.8828376e-01  -3.1239420e-01
   1.0992769e-01  -9.0307750e-02
   3.3036250e-01  -3.4594744e-01
   1.4221742e-01  -1.7442465e-01
   2.7042928e-01  -2.8336570e-01
   1.2291677e-01  -1.4845814e-01
   1.9435297e-01  -1.7371611e-01
   1.9232998e-01  -1.6485884e-01
   2.0644739e-01  -2.3236086e-01
   8.4176741e-02  -6.4614700e-02
   1.2520623e-01  -1.5282350e-01
   2.1692863e-01  -2.2211289e-01
   1.7923073e-01  -2.0311324e-01
   2.0815958e-01  -1.9462412e-01
   2.5059769e-01  -2.4042166e-01
   1.3477414e-01  -1.4557880e-01
   1.7414668e-01  -1.8916905e-01
   1.6942836e-01  -1.9556424e-01
   2.3812442e-01  -3.0437175e-01
   1.2664336e-01  -1.7694443e-01
   1.1897067e-01  -1.4148236e-01
   1.6966426e-01  -1.8896157e-01
   2.3458814e-01  -2.7417710e-01
   1.7695512e-01  -1.5648674e-01
   3.7593699e-02  -3.1025080e-02
   1.9420370e-01  -2.2818315e-01
   2.1658781e-01  -2.1999043e-01
   3.1090252e-01  -3.6459504e-01
   2.4086365e-01  -2.5652056e-01
   2.2606424e-01  -2.2662397e-01
   1.3925887e-01  -1.0858158e-01
   1.7635086e-01  -1.7606240e-01
   2.3586455e-01  -2.1574646e-01
   2.1056353e-01  -2.5648866e-01
   2.5410046e-01  -3.1182220e-01
   2.8653999e-01  -3.6251558e-01
   2.1335631e-01  -2.2479001e-01
   1.8340892e-01  -1.9608313e-01
   1.0134923e-01  -1.1123127e-01
   2.0515742e-01  -2.6316672e-01
   1.6908439e-01  -2.0378555e-01
   1.2975055e-01  -1.5128244e-01
   1.9175522e-01  -1.9538418e-01
   2.7960224e-01  -2.9897015e-01
   1.6719604e-01  -1.9954714e-01
   1.7717978e-01  -2.1554504e-01
   2.4528371e-01  -2.6714274e-01
   8.5510776e-02  -1.2383490e-01
   1.3597290e-01  -1.4655091e-01
   1.6563792e-01  -1.6708577e-01
   1.8420369e-01  -1.9641678e-01
   1.9192294e-01  -1.9942132e-01
   2.0778590e-01  -2.1634172e-01
   8.8389969e-02  -1.1152030e-01
   1.9192781e-01  -2.4411299e-01
   1.9084364e-01  -2.0420190e-01
   1.1099278e-01  -1.0934786e-01
   1.4811587e-01  -1.5078124e-01
   1.7507523e-01  -2.2219970e-01
   1.4340331e-01  -1.3852155e-01
   2.1188403e-01  -2.1912626e-01
   1.2827677e-01  -1.2684421e-01
   1.6995594e-01  -1.6659890e-01
   2.1571319e-01  -2.5255046e-01
   1.7045734e-01  -1.6553139e-01
   1.3026830e-01  -1.2896700e-01
   2.9696205e-01  -2.8635012e-01
   1.2762081e-01  -1.5244085e-01
   2.4146937e-01  -2.6869503e-01
   2.3055286e-01  -2.7124676e-01
   1.9858988e-01  -2.4001190e-01
   1.1755108e-01  -1.0541312e-01
   7.6420745e-02  -7.0028048e-02
   1.7130193e-01  -1.9828407e-01
   1.7525281e-01  -1.9578231e-01
   1.0672745e-01  -9.1301673e-02
   1.7188532e-01  -2.3754716e-01
   1.9441890e-01  -1.9690071e-01
   1.9962743e-01  -2.2433742e-01
   2.0151836e-01  -2.3789049e-01
   2.1237344e-01  -1.9823987e-01
   1.4840114e-01  -1.5832903e-01
   1.4648578e-01  -1.8726101e-01
   1.3212573e-01  -1.3855673e-01
   1.5468967e-01  -1.7700474e-01
   1.8541880e-01  -1.8508575e-01
   2.2715486e-01  -2.6129422e-01
   5.9169785e-02  -4.9351799e-02
   1.8545742e-01  -2.1228159e-01
   1.2214199e-01  -1.7146206e-01
   2.0565142e-01  -2.3203421e-01
   1.0137505e-01  -9.3698156e-02
   3.2634279e-01  -3.5528587e-01
   2.0241186e-01  -2.4768547e-01
   1.9669347e-01  -1.6281852e-01
   1.3531611e-01  -1.2243006e-01
   2.6732505e-01  -3.2329864e-01
   1.6295294e-01  -1.8337395e-01
   1.1475688e-01  -1.4268787e-01
   1.2814468e-01  -1.5183220e-01
   1.1804194e-01  -8.0238559e-02
   1.0851585e-01  -7.3507299e-02
   1.6448207e-01  -1.5911630e-01
   1.4470166e-01  -1.6278465e-01
   2.7454470e-01  -3.0437730e-01
   2.2364705e-01  -2.6648088e-01
   2.3586962e-01  -3.1050447e-01
   2.2072663e-01  -2.7591340e-01
   8.7594362e-02  -9.5738883e-02
   1.6751680e-01  -2.0475948e-01
   1.3585421e-01  -2.2615135e-01
   1.5875207e-01  -2.0247006e-01
   1.4310351e-01  -2.0925851e-01
   2.4531264e-01  -1.5645058e-01
   1.2797200e-01  -2.5621931e-01
   2.4788274e-01  -1.3927630e-01
   1.5535833e-01  -2.0159056e-01
   1.9098111e-01  -1.7556483e-01
   2.2360618e-01  -1.7353039e-01
   2.5816853e-01  -1.2266896e-01
   3.2737084e-01  -9.1781501e-02
   1.3614564e-01  -2.2913605e-01
   1.5048190e-01  -2.2012038e-01
   1.7958502e-01  -1.7510320e-01
   2.4791899e-01  -1.1659414e-01
   1.9550350e-01  -1.9505300e-01
   6.0854812e-02  -2.9766799e-01
   1.9781724e-01  -1.2303295e-01
   1.4187231e-01  -1.8657479e-01
   1.8472273e-01  -2.1932043e-01
   6.6217583e-02  -2.7091228e-01
   1.6250602e-01  -2.1286270e-01
   1.2559116e-01  -2.2548205e-01
   2.5842905e-01  -1.3986364e-01
   1.6909387e-01  -2.1805137e-01
   2.5462696e-01  -1.2156432e-01
   2.0041793e-01  -1.7138482e-01
   2.0638128e-01  -1.6930903e-01
   1.1391020e-01  -2.3098581e-01
   1.1122634e-01  -2.0152945e-01
   2.1130183e-01  -1.5176315e-01
   3.1415157e-01  -7.0103439e-02
   2.2534480e-01  -1.4873399e-01
   2.1204601e-01  -1.5792685e-01
   1.0362311e-01  -2.4655285e-01
   8.7341907e-02  -3.0676756e-01
   2.7620383e-01  -8.3093943e-02
   1.9937592e-01  -1.5735668e-01
   1.5640332e-01  -1.8832574e-01
   2.0262283e-01  -1.6286513e-01
   2.8144502e-01  -1.1903100e-01
   2.3380417e-01  -1.6890576e-01
   2.2468091e-01  -1.9440505e-01
   1.9305161e-01  -1.3831217e-01
   6.4906913e-02  -2.7608802e-01
   1.5279391e-01  -1.7271636e-01
   2.2691401e-01  -1.5388732e-01
   5.5124745e-02  -2.9281254e-01
   1.7223403e-01  -1.8386763e-01
   2.1830661e-01  -1.4040134e-01
   1.8476217e-01  -2.1896103e-01
   2.0674661e-01  -1.4863583e-01
   1.3249789e-01  -2.4320005e-01
   1.7254146e-01  -2.1446348e-01
   2.0301080e-01  -1.5016323e-01
   1.6944121e-01  -1.8860767e-01
   1.1743363e-01  -2.4875910e-01
   2.1106845e-01  -1.5278553e-01
   1.7534789e-01  -2.1470743e-01
   1.3212744e-01  -1.7523700e-01
   1.8602292e-01  -2.1696535e-01
   4.5631702e-02  -3.2145756e-01
   2.3688263e-01  -1.6352739e-01
   2.3062767e-01  -1.6453265e-01
   2.4979212e-01  -1.1607280e-01
   1.3366348e-01  -2.3143239e-01
   1.7080384e-01  -1.9480824e-01
   2.1013769e-01  -1.7031586e-01
   2.5958449e-01  -1.6987888e-01
   9.9102773e-02  -2.7708261e-01
   2.9694354e-01  -1.2511754e-01
   1.4092109e-01  -2.2108901e-01
   9.9300069e-02  -2.5267502e-01
   2.0857782e-01  -1.8805768e-01
   2.2668449e-01  -1.5654771e-01
   1.0765100e-01  -2.0565610e-01
   1.0677908e-01  -2.2799888e-01
   1.9147204e-01  -2.1431059e-01
   1.8990489e-01  -2.0090670e-01
   1.4852426e-01  -2.2533670e-01
   1.7434211e-01  -1.9917659e-01
   7.7059177e-02  -2.5825258e-01
   1.0157438e-01  -2.6220444e-01
   1.7793845e-01  -1.8747116e-01
   1.0512353e-01  -2.5389566e-01
   1.9887779e-01  -2.0246409e-01
   8.9913254e-02  -2.5929382e-01
   2.0809391e-01  -1.9236031e-01
   1.3638091e-01  -2.3339042e-01
   3.6594554e-01  -4.7021190e-02
   2.2468924e-01  -9.7912957e-02
   1.1001001e-01  -2.1426021e-01
   2.7628598e-01  -7.8493200e-02
   1.9700845e-01  -1.8636685e-01
   1.8033103e-01  -1.8648098e-01
   1.0670522e-01  -2.4247055e-01
   2.5808740e-01  -1.3958631e-01
   8.6102543e-02  -2.4024102e-01
   2.1320139e-01  -1.6939278e-01
   1.9211836e-01  -1.7989543e-01
   2.3493638e-01  -1.8139313e-01
   6.5005282e-02  -2.4561098e-01
   2.4929986e-01  -1.5045919e-01
   1.5569045e-01  -2.0366536e-01
   4.3039188e-01  -1.0581272e-02
   2.3506993e-02  -2.8993757e-01
   1.5917033e-01  -2.0669322e-01
   6.2880001e-02  -2.6840994e-01
   1.9030464e-01  -1.7337327e-01
   4.4129562e-01   5.7912112e-02
   3.9739632e-01   5.9428180e-02
   4.7323665e-01   5.4267293e-02
   4.7074652e-01  -5.4873807e-03
   4.3958983e-01   2.6385765e-02
   4.2517667e-01   6.5594871e-02
   3.8504254e-01   2.2662870e-02
   4.5256847e-01   3.7513419e-02
   4.3516462e-01   4.1346119e-02
   4.1973413e-01   1.3089563e-02
   4.9061186e-01   5.9647157e-02
   4.4502327e-01   4.1120090e-02
   4.2335807e-01   7.5910644e-02
   4.4101898e-01   7.8296074e-02
   4.2212992e-01   2.4809598e-02
   4.1002537e-01   1.0054832e-01
   4.0701717e-01  -6.9508264e-03
   4.0296945e-01   3.8496595e-02
   4.1759366e-01   4.8708576e-02
   4.3628833e-01   3.4727994e-02
   4.0019445e-01   5.5754261e-02
   3.7723825e-01   8.7141976e-02
   4.2314631e-01  -4.3928922e-03
   4.3025210e-01   1.1286334e-02
   4.6794205e-01   6.9822074e-02
   4.5173397e-01  -1.3610498e-02
   4.0130097e-01   7.8525210e-02
   4.2368730e-01   8.5380885e-02
   4.3830169e-01   7.6505864e-02
   4.7941992e-01   5.3029179e-02
   3.8571053e-01   3.5067656e-02
   4.3083401e-01   1.0493540e-01
   4.8349411e-01   3.4290668e-02
   4.4977019e-01   3.0851175e-02
   4.3026607e-01   9.0480954e-02
   4.3506110e-01   5.9977939e-02
   4.5872018e-01   2.2455728e-02
   3.9161689e-01   1.4252248e-02
   4.3990802e-01   4.4054340e-02
   4.7954420e-01   7.1739951e-02
   4.2542448e-01   3.3820686e-02
   3.7561370e-01   2.7180531e-02
   4.4961434e-01   8.9073349e-02
   4.3948855e-01   3.4195558e-02
   4.4779276e-01   1.1041425e-01
   4.6711789e-01   1.1280461e-01
   4.2533573e-01   5.9506841e-02
   4.7019415e-01   8.5287983e-02
   4.3981997e-01   3.9332547e-02
   4.2446810e-01   1.7704449e-02
   4.3049289e-01  -2.2597672e-02
   4.3475040e-01   1.4018238e-02
   4.3756128e-01   3.3611243e-02
   4.4041927e-01   4.1385315e-02
   4.3481165e-01   7.9014287e-02
   4.3454360e-01   7.8314562e-02
   4.5171618e-01   4.3088712e-02
   4.7504428e-01   1.2012582e-01
   4.8833420e-01   3.8967828e-02
   4.2901887e-01   4.5789892e-02
   4.9067383e-01   4.6051083e-02
   4.7977990e-01   1.5548270e-02
   4.5044882e-01   4.4571189e-03
   4.6302990e-01   2.7146079e-02
   4.5181754e-01   3.4213983e-02
   4.6403615e-01   8.6969386e-02
   4.1936004e-01   9.3808836e-02
   4.3674279e-01   3.6431694e-02
   4.9912805e-01   7.9787578e-02
   4.4742777e-01   8.1365797e-02
  -3.4693350e-01   1.3907765e-01
  -1.1562529e-01  -2.8857771e-01
   4.9684700e-01   2.3627859e-01
   1.3890573e-01  -3.0150820e-01
  -2.9702966e-01   2.0980666e-01
   7.7448270e-02  -3.0668573e-01
   1.5019329e-01   2.4395883e-01
   1.8457010e-01   1.9455488e-01
   1.7062640e-01  -2.1866594e-01
  -1.0891161e-01  -4.1976660e-01
  -4.9104576e-01   2.7119737e-01
  -4.5717389e-01   8.1708594e-02
   3.8570210e-01   2.0763357e-01
  -2.7882194e-01  -1.9385680e-01
   1.6592485e-01   3.6136935e-01
   3.5180048e-01   1.8375637e-01
  -4.4904813e-01  -1.0850806e-01
  -1.6197875e-02   1.4611358e-01
  -3.9575619e-01  -2.3983340e-01
  -3.9027754e-01   3.0386456e-01
   2.2969074e-01   8.2725338e-02
  -4.2112481e-01  -7.5627954e-02
  -5.9155097e-02   7.4353347e-02
   1.9327970e-01   6.4513130e-02
   3.0133496e-01  -2.3582405e-01
  -2.3068291e-01   3.6652099e-01
   1.6551037e-01  -3.0771783e-01
   2.1595755e-01   2.5512354e-01
   2.8204123e-01   1.7422504e-01
   4.6950513e-01  -2.0060298e-01
  -2.6767518e-01  -2.6651518e-02
   1.0569125e-01   1.0736088e-01
   1.7514773e-01  -2.0602275e-01
  -2.8009230e-01   2.2680640e-02
   2.6486446e-01  -1.1169449e-01
   2.7934212e-01   3.1679913e-01
   1.2458398e-01  -1.7387659e-01
   8.8741136e-02   8.0274471e-02
   7.4029560e-03  -8.4445812e-02
   7.0692107e-02  -5.8742796e-02
  -2.7721570e-01   2.2199783e-01
   2.4174886e-01   5.0125937e-02
  -2.0203613e-01   2.5082478e-01
  -1.1950691e-01   1.0318965e-01
   3.7102111e-01  -3.2513809e-01
   1.4947953e-01  -4.5761777e-03
   1.9596671e-01  -9.7324976e-02
   8.3984896e-02   1.3261029e-01
   1.7935737e-01  -2.0639622e-01
   5.0465995e-01  -1.8206939e-02
   2.3042893e-01   9.2612456e-04
   2.4121679e-01   4.7132013e-02
   4.4566978e-01   3.5553897e-01
   4.7852710e-01  -8.1643648e-02
  -4.8560921e-01   9.1533531e-02
   2.2020106e-03  -3.1609662e-03
  -2.5711790e-01  -5.2890817e-02
   1.0167950e-01  -1.7048882e-02
  -7.9727119e-02   1.3746666e-01
   4.2188487e-01   3.1329266e-01
  -2.0434493e-01  -4.1232338e-01
  -3.3308895e-01  -2.0560741e-01
   4.6586225e-01   2.9755535e-01
  -1.3594019e-01  -2.8659317e-01
   4.5762303e-01   3.9934064e-02
  -1.1128010e-01   2.6242535e-01
  -2.2534621e-01   2.8451942e-01
  -8.3149179e-02   4.3971066e-02
  -2.1925773e-01  -3.1644918e-01
  -1.7521039e-01   1.8834148e-01
  -1.1425796e-01   6.7177262e-02
   3.5599615e-01   3.0185073e-02
  -3.1638521e-01   1.7721422e-01
   1.7131944e-01   3.6700959e-01
   9.4595864e-02  -2.6011941e-01
   2.5296142e-01  -3.2939034e-01
  -2.9566502e-01  -1.7587014e-01
  -1.8780925e-01  -3.3615062e-01
   1.9118247e-01   3.3973990e-01
  -5.9994611e-02   1.9982752e-01
  -3.3631866e-02   1.7723539e-01
  -1.9466574e-01  -4.0788716e-02
   2.2224356e-01   2.4597251e-02
  -4.1126574e-01  -4.7432872e-02
   4.3140249e-01  -2.0312967e-01
  -3.0807652e-01   2.1366140e-01
   1.9589082e-01   2.6207358e-01
  -2.7180247e-01  -4.4917022e-01
  -3.9183263e-01   9.9099850e-02
  -1.3875527e-01  -9.9872376e-02
   2.7957367e-02   7.9167118e-02
   2.9514632e-01  -2.7740291e-01
  -3.1018989e-01  -1.5166120e-02
   1.6781414e-01  -3.9313432e-01
   1.2757511e-01  -1.5804876e-01
  -4.0654077e-02  -1.5157828e-01
   1.5149216e-01   1.0174478e-01
   3.7879267e-01   8.1104565e-02
   1.9627207e-02  -1.1886640e-01
  -8.8481612e-03  -1.2821844e-01
   3.2780153e-01   1.2300730e-01
   7.7695268e-02   4.0835057e-01
  -1.2090071e-01  -1.0400545e-01
   2.5243288e-01  -6.9740343e-02
   4.5041200e-01   1.1050276e-01
  -1.6536895e-01   1.7839022e-01
   4.9566606e-01  -9.0837899e-02
   3.2341129e-01  -2.6779382e-02
   2.0880476e-01  -3.5645264e-03
  -2.7982730e-01   3.3882240e-01
   3.9545312e-01   5.4465070e-02
   2.1636714e-02  -2.6553444e-01
  -2.6647177e-02   2.8973487e-01
   3.3119163e-01   2.0853042e-01
  -9.4961101e-02  -2.4524558e-01
   3.2603303e-02   1.5492552e-01
  -3.5576451e-01   1.7872612e-02
   2.8786649e-02   1.9896023e-01
   3.6247628e-01  -8.2231739e-02
  -2.6238543e-01  -1.8825657e-01
   1.5862950e-01   3.1922313e-02
   1.7458863e-01  -9.5591692e-02
  -1.1757096e-01   2.9828247e-01
   2.3240881e-01  -5.3087595e-02
  -4.2298518e-01  -9.7798737e-02
  -2.7066985e-01   3.4859440e-03
   1.5290007e-01  -1.1901446e-01
  -7.4202516e-02  -1.3148250e-01
  -5.2064601e-01   2.9361201e-01
   4.0906359e-01  -3.3911014e-01
   3.4902751e-01  -3.3702948e-01
  -3.9272529e-01  -4.3655114e-01
   2.7967631e-01   1.7680094e-01
  -2.0080992e-01  -2.7102310e-01
  -1.0024573e-01  -1.3074404e-01
   3.5324988e-01   3.0363245e-02
   4.7049619e-02  -1.1421713e-01
  -9.4540090e-02  -3.4280277e-01
  -4.4544857e-01   3.9256957e-02
   1.1709923e-01  -9.7253858e-02
  -1.8554379e-01   3.4269567e-01
  -1.8838879e-02  -2.6185360e-02
   1.5521438e-01   1.6440803e-02
  -3.7000756e-01  -4.5581894e-02
  -4.8477677e-01   4.3054562e-02
   5.0193586e-01  -1.0370759e-01
   2.2945549e-01   4.5229296e-02
  -2.9238820e-01  -3.6312289e-01
  -3.0947677e-01  -4.4375927e-01
  -2.5144037e-01   1.3623948e-02
  -1.5485332e-01  -9.2228021e-04
   2.2898027e-01  -1.7346861e-01
   2.4044186e-01   4.1555162e-01
   7.6946409e-03  -4.3179224e-02
  -2.5560467e-01   2.2649653e-01
  -1.3240913e-01   1.9998088e-01
  -3.2034740e-02  -3.5301276e-02
  -3.3484451e-01   3.5134927e-01
   1.8366745e-01  -1.9606166e-01
  -9.6557231e-02  -8.8399904e-03
   2.7717615e-01  -3.9610365e-02
  -1.2456802e-02  -2.6860074e-01
   5.0363901e-02  -5.8531517e-02
  -2.3002154e-01   7.2503294e-02
   1.0095935e-02   1.1776848e-02
   3.9506908e-01   5.7189776e-02
  -3.2632903e-01   2.3467989e-01
  -3.7415662e-01  -1.6645148e-01
   2.1010996e-01  -8.0726654e-02
  -1.3957821e-01   7.2575176e-02
   1.9594384e-01  -1.7161205e-02
   3.8233737e-01  -1.1960493e-01
  -3.7020448e-01   2.8294569e-01
  -3.6167170e-01   2.8202276e-01
  -3.6548609e-01   3.1309716e-01
   5.0076613e-01  -2.5819920e-01
   9.0337710e-02  -2.1118441e-01
   3.9013228e-01   2.4030479e-01
   2.9645304e-01  -2.6952096e-01
   4.7496930e-02   2.6724287e-01
  -2.0139157e-01  -5.5290549e-02
  -4.4503478e-02  -1.3103734e-01
   4.7816805e-01  -1.0845972e-01
  -1.9408507e-01  -1.8959166e-01
  -3.0989321e-01  -3.2093935e-01
  -6.8520784e-02  -3.3784328e-01
   9.9927046e-02  -9.6394611e-02
   3.0132026e-01   4.3574262e-01
   4.8781771e-01   7.1514699e-02
   3.6497120e-01   2.8137295e-01
  -3.9115713e-01   2.5430411e-01
  -4.1301760e-01   1.8399827e-01
   4.8662814e-01  -2.5013454e-01
   7.2713502e-02   3.7611211e-01
   1.3926021e-01   3.4736993e-01
   3.6360619e-01  -3.5399573e-01
  -2.5940518e-01  -3.4573613e-01
   4.1028207e-01   2.7201377e-02
  -1.6911232e-01   3.4396670e-02
   9.5732417e-02   7.1622920e-02
   6.1475409e-02   1.3753688e-01
   3.9407632e-01  -1.9454842e-01
  -3.5742489e-01  -4.6885235e-02
   4.6785124e-01  -1.5218498e-01
  -3.2693981e-01  -2.9991296e-01
   2.9446050e-01  -1.0689671e-01
  -3.6150711e-01  -3.2677804e-01
   8.6361748e-02  -2.8791297e-01
   1.6704781e-01  -5.6565566e-02
   2.6314009e-01   3.6583286e-01
  -2.1449742e-01  -1.4903205e-01
   3.5769139e-01   7.5537410e-02
   6.3401247e-02  -2.7189938e-01
   2.1783997e-01  -1.3486164e-01
   4.5308765e-01  -2.4215279e-01
   4.1140282e-01  -1.6781736e-01
   2.3975389e-01  -2.7130098e-01
   4.4342438e-01   4.4898663e-01
   3.2789652e-01  -2.4989425e-01
   2.7326870e-01  -2.3205682e-01
   2.9599717e-01   3.0327844e-01
   1.7958040e-01   2.0732384e-01
  -3.5220688e-01  -6.5812058e-02
  -4.6331878e-01   2.5876463e-01
  -7.0897610e-02  -1.0672741e-01
   3.5771844e-01   4.4875804e-01
  -4.5267893e-01  -4.0419103e-02
   3.1530307e-01  -1.9772896e-01
  -4.2015031e-01   3.3510515e-01
  -7.7419542e-02  -4.0139217e-01
   4.4447951e-01  -9.0742307e-02
  -3.1854906e-01   3.5356423e-01
   4.5979657e-01   2.2281960e-01
  -2.6550050e-01  -4.2782938e-01
  -3.1010205e-01  -1.0150369e-01
   1.6416126e-01  -1.2439575e-01
   5.4317114e-01  -4.5800272e-02
  -1.4039037e-01  -7.4945060e-02
   1.2768863e-01  -2.4701141e-01
  -1.8931555e-01  -1.0887887e-02
   4.6288245e-02  -4.0327376e-01
   4.3472811e-01   2.1485072e-01
   3.5651439e-01   3.0020253e-02
   5.0835006e-01  -1.7799472e-01
  -1.6529583e-01   6.3356888e-02
  -2.2862567e-01   9.2369374e-02
   3.9350848e-02   2.6529103e-02
   3.7286381e-01  -3.5802556e-01
  -3.8593031e-01   5.1268559e-02
  -3.5464552e-01   1.9234923e-01
  -4.3785909e-01  -1.2287768e-01
   1.6196614e-01   1.8626005e-01
   4.0604173e-01   4.3066193e-01
   2.3106522e-01   4.3808873e-01
  -1.9552267e-01   2.0462874e-01
   4.3861385e-01   4.6507073e-01
  -2.9431572e-01  -2.4975020e-01
   3.4074324e-01   2.8586347e-01
  -4.5437938e-01   3.0155392e-01
   4.4879065e-01   1.7188510e-01
   1.5931911e-01   2.8728330e-01
  -4.7075583e-01  -5.7412189e-03
  -2.4176295e-01  -2.1023693e-01
   1.1149638e-01  -2.8173609e-02
   7.2058107e-02  -3.1347637e-01
   1.0978799e-01   8.4462860e-02
  -5.0445824e-01   2.9887166e-01
  -1.9348897e-01  -2.1603888e-01
  -5.8918428e-02   2.4247737e-01
   3.0860124e-01   3.5545049e-02
  -1.6266557e-01   1.7452572e-01
  -7.1947414e-02   2.9862840e-01
  -4.3593396e-01  -2.8259515e-01
   2.6129750e-01   8.4094788e-02
   1.5220630e-01  -3.2492358e-01
  -2.9538747e-01  -8.1983605e-02
  -2.9049384e-01  -4.6159057e-01
  -1.0034432e-01   3.1466235e-01
   2.6246427e-02  -1.9838508e-01
  -4.0165242e-01   2.1111702e-01
   2.6629965e-01  -1.5949320e-01
  -3.3826806e-01  -4.4083555e-01
  -1.7684378e-01  -4.1662154e-01
  -3.4172932e-01   1.9108959e-01
  -1.7628794e-01  -1.9181184e-01
  -2.8875252e-01  -2.8255728e-01
  -1.1114795e-01  -3.5479206e-01
   4.9436943e-01   1.8729816e-02
  -3.5609458e-01   6.3311040e-02
   2.1777601e-01   2.8087796e-01
  -3.3734752e-01   1.7569495e-02
   4.5741765e-01   1.7968678e-01
  -3.3459811e-01   2.4758235e-01
   4.0340052e-01  -1.6670924e-01
   1.3322308e-02  -1.0771657e-01
  -6.7253449e-02  -3.2373340e-01
  -4.7688622e-01   6.5919661e-02
   3.7016594e-01  -3.1933536e-01
  -9.3802146e-02  -2.9532455e-01
  -4.8375383e-01   1.8804422e-01
   6.8877694e-02   2.1661171e-01
   7.9027858e-02   2.3739984e-01
   4.0478447e-01  -4.3275883e-02
  -3.4112691e-01   6.9321516e-02
  -1.5436551e-01  -2.9115294e-01
   1.7386619e-01   6.5229284e-02
   4.3953015e-01   1.1549862e-01
   9.7445490e-02   2.4862350e-01
  -4.6546583e-01   2.7329262e-01
  -1.2790162e-01  -3.3120556e-01
  -2.9469174e-01   1.3897242e-01
   1.0429616e-01  -3.1119088e-01
  -2.6159896e-01  -2.3287137e-01
  -2.1957872e-01   5.1658145e-02
   1.3481301e-01  -1.1916936e-01
   2.2766231e-01   2.4836383e-01
   3.8855637e-01  -1.6556121e-01
   2.2658132e-01   1.2716652e-01
   4.9558323e-01   2.6511321e-01
  -1.2798989e-01   2.3359981e-01
  -2.9297226e-02   2.7759577e-01
   4.3254582e-01   3.3355882e-01
  -1.2093722e-01   2.7484226e-02
   3.7557053e-01  -1.1104258e-01
   2.4989139e-01   2.1949530e-01
  -1.4170835e-01  -3.2204155e-01
  -2.2382059e-01  -4.3496032e-01
  -2.9538710e-01   2.7076086e-01
  -3.7421694e-01   2.7472638e-01
   4.6777307e-01  -2.2518610e-01
  -3.8274499e-01   3.4666167e-01
   6.2187455e-02  -2.6323826e-01
  -3.8482895e-01  -3.6320146e-01
   1.0964892e-01  -1.5129540e-01
  -4.8632903e-01   8.2035638e-02
   1.7084686e-01  -3.1139838e-01
  -7.0610275e-02  -1.7047593e-01
   3.5398428e-01  -1.4405191e-01
   2.9076904e-01  -1.1515871e-01
   2.0717633e-01  -4.0901224e-02
  -1.2533116e-01   3.9766031e-02
  -4.5546158e-01   3.2288608e-01
   8.7975276e-02  -1.6624021e-01
   2.4293542e-01   4.7346320e-02
  -4.7511591e-01   9.8989080e-02
  -3.2254469e-01  -3.3847919e-01
  -1.0334272e-01  -2.0398096e-01
   1.5753876e-01   2.4520528e-01
  -1.1665464e-01   1.2257188e-02
  -4.7151771e-01   2.2386342e-01
  -2.5843531e-01  -3.7804161e-01
  -1.2366772e-01   3.6214348e-01
  -4.1979859e-01   3.1063320e-01
   5.6864315e-01  -2.8205152e-01
  -4.5698343e-01   8.9504181e-03
  -2.5370940e-01  -1.8148366e-01
   4.8852311e-01  -1.7909368e-01
  -3.8828269e-01  -1.2592970e-02
   4.1333590e-01  -3.3718308e-01
   8.4520254e-02   3.9323743e-01
  -2.2973946e-02   3.6806195e-01
   1.0502430e-01   2.9900519e-02
   4.9012266e-02   5.8338921e-02
   4.6523488e-01   2.7708457e-02
  -4.9749176e-01   1.3159277e-01
   1.9973134e-01   5.4677895e-02
  -3.4977407e-01  -2.5666001e-01
  -3.5401255e-01  -1.1116443e-01
   5.1950057e-01  -5.9385249e-02
   9.8022854e-02   2.1239635e-02
   4.7553830e-01   2.7063671e-01
  -6.5432479e-02  -1.9122126e-01
   4.0165034e-01  -1.4315412e-01
  -3.4821675e-01   2.3411333e-01
  -2.1342445e-01   8.6166350e-02
  -1.5284797e-01  -3.0432227e-01
   2.3883996e-03  -5.6633254e-02
   3.2469451e-01  -3.2604993e-01
  -2.2485970e-01   1.7005794e-01
  -2.6723893e-01  -4.0292203e-01
  -1.4558656e-01   2.7484708e-01
  -2.1113777e-01   8.2008348e-02
   4.0240827e-01  -3.2267548e-01
   3.3722544e-01   2.4163960e-01
  -3.4406146e-01  -1.4030043e-01
   3.4861762e-01  -1.0095365e-01
   4.5824836e-02  -2.4858042e-02
   1.6120796e-01  -5.7498998e-02
   2.0041223e-01   4.1436810e-01
  -1.5838837e-01   2.1786634e-01
   5.2220621e-01  -3.0571643e-02
  -3.8154295e-01   2.6673769e-01
   4.6474088e-01  -2.9606375e-02
   4.3198079e-01   2.1981310e-01
   1.6650880e-01   2.5173215e-02
  -1.1473127e-01   3.6554732e-01
  -6.5970288e-03  -4.8448658e-02
  -1.1783395e-01  -4.2334392e-01
   1.4649196e-01   1.6452489e-01
   1.3023890e-01   3.5415302e-02
